488 48 791
0 48 791
1 48 792
2 48 792
3 48 793
489 48 794
489 48 795
4 48 796
489 48 797
489 48 798
489 48 799
489 48 800
489 48 801
489 48 802
5 48 803
6 48 804
7 48 804
8 48 805
9 48 805
10 48 806
11 48 806
12 48 807
13 48 807
4 48 808
14 48 808
15 48 808
16 48 808
543 48 808
490 48 808
17 48 808
544 48 808
18 48 809
19 48 809
20 48 809
21 48 810
491 48 810
3 48 811
488 48 812
22 48 812
23 48 812
492 48 813
6 48 814
7 48 814
488 48 815
24 48 816
25 48 816
493 48 816
26 48 817
27 48 817
28 48 817
29 48 817
30 48 817
31 48 817
32 48 817
33 48 817
494 48 817
495 48 817
34 48 817
496 48 817
35 48 817
36 48 817
741 48 817
497 48 817
545 48 817
546 48 817
37 48 817
742 48 817
38 48 818
39 48 818
40 48 818
41 48 818
42 48 818
43 48 818
31 48 818
44 48 818
45 48 818
46 48 818
20 48 818
488 48 819
47 48 820
29 48 821
30 48 821
31 48 821
18 48 822
19 48 822
20 48 822
492 48 823
12 48 824
13 48 824
488 48 825
488 48 826
6 48 827
7 48 827
12 48 828
13 48 828
48 48 829
49 48 829
50 48 829
51 48 829
52 48 829
53 48 829
498 48 829
54 48 829
499 48 829
547 48 829
12 48 830
13 48 830
488 48 831
7 48 832
55 48 832
21 48 833
488 48 834
0 48 835
488 48 836
500 48 837
501 48 837
502 48 837
548 48 837
56 48 837
57 48 837
21 48 838
6 48 839
6 48 840
7 48 840
488 48 841
488 48 842
488 48 843
29 48 844
30 48 844
31 48 844
488 48 845
12 48 846
13 48 846
24 48 847
25 48 847
493 48 847
21 48 848
58 48 848
4 48 849
488 48 850
59 48 851
60 48 851
61 48 852
23 48 852
12 48 853
13 48 853
29 48 854
30 48 854
31 48 854
12 48 855
13 48 855
1 48 856
62 48 857
63 48 858
63 48 859
63 48 860
12 48 861
13 48 861
64 48 862
1 48 863
503 48 864
743 48 864
65 48 864
4 48 865
14 48 865
15 48 865
16 48 865
543 48 865
490 48 865
17 48 865
544 48 865
4 48 866
12 48 867
13 48 867
7 48 868
55 48 868
66 48 869
20 48 870
18 48 871
39 48 871
40 48 871
41 48 871
43 48 871
31 48 871
44 48 871
67 48 871
45 48 871
68 48 871
69 48 871
70 48 871
46 48 871
71 48 871
504 48 871
20 48 871
744 48 871
745 48 871
549 48 871
38 48 872
18 48 872
39 48 872
72 48 872
40 48 872
41 48 872
42 48 872
43 48 872
73 48 872
31 48 872
44 48 872
74 48 872
67 48 872
45 48 872
68 48 872
69 48 872
70 48 872
46 48 872
71 48 872
504 48 872
20 48 872
744 48 872
745 48 872
549 48 872
38 48 873
39 48 873
40 48 873
41 48 873
42 48 873
43 48 873
31 48 873
44 48 873
45 48 873
69 48 873
70 48 873
46 48 873
71 48 873
504 48 873
20 48 873
744 48 873
745 48 873
549 48 873
38 48 874
39 48 874
40 48 874
41 48 874
42 48 874
43 48 874
31 48 874
44 48 874
45 48 874
69 48 874
70 48 874
46 48 874
71 48 874
504 48 874
20 48 874
744 48 874
745 48 874
549 48 874
38 48 875
39 48 875
40 48 875
41 48 875
42 48 875
43 48 875
44 48 875
45 48 875
68 48 875
69 48 875
70 48 875
46 48 875
71 48 875
504 48 875
75 48 875
20 48 875
744 48 875
745 48 875
549 48 875
38 48 876
39 48 876
40 48 876
41 48 876
42 48 876
43 48 876
31 48 876
44 48 876
45 48 876
69 48 876
70 48 876
46 48 876
71 48 876
504 48 876
20 48 876
744 48 876
745 48 876
549 48 876
38 48 877
39 48 877
40 48 877
41 48 877
42 48 877
43 48 877
31 48 877
44 48 877
45 48 877
69 48 877
70 48 877
46 48 877
71 48 877
504 48 877
75 48 877
20 48 877
744 48 877
745 48 877
549 48 877
38 48 878
39 48 878
40 48 878
41 48 878
42 48 878
43 48 878
31 48 878
44 48 878
45 48 878
69 48 878
70 48 878
46 48 878
71 48 878
504 48 878
20 48 878
744 48 878
745 48 878
549 48 878
38 48 879
39 48 879
72 48 879
76 48 879
77 48 879
40 48 879
41 48 879
42 48 879
550 48 879
43 48 879
78 48 879
31 48 879
79 48 879
80 48 879
44 48 879
45 48 879
81 48 879
69 48 879
70 48 879
46 48 879
71 48 879
504 48 879
20 48 879
744 48 879
745 48 879
549 48 879
82 48 879
38 48 880
39 48 880
83 48 880
40 48 880
41 48 880
42 48 880
43 48 880
31 48 880
44 48 880
45 48 880
84 48 880
69 48 880
70 48 880
46 48 880
71 48 880
58 48 880
504 48 880
20 48 880
744 48 880
745 48 880
549 48 880
85 48 880
86 48 881
38 48 881
39 48 881
77 48 881
40 48 881
41 48 881
42 48 881
550 48 881
78 48 881
31 48 881
44 48 881
87 48 881
45 48 881
88 48 881
81 48 881
69 48 881
70 48 881
46 48 881
71 48 881
504 48 881
20 48 881
744 48 881
745 48 881
549 48 881
82 48 881
38 48 882
39 48 882
40 48 882
41 48 882
42 48 882
43 48 882
31 48 882
44 48 882
45 48 882
69 48 882
70 48 882
46 48 882
71 48 882
504 48 882
20 48 882
744 48 882
745 48 882
549 48 882
38 48 883
18 48 883
39 48 883
89 48 883
90 48 883
72 48 883
91 48 883
40 48 883
41 48 883
42 48 883
43 48 883
73 48 883
92 48 883
93 48 883
31 48 883
44 48 883
74 48 883
45 48 883
69 48 883
70 48 883
46 48 883
94 48 883
71 48 883
95 48 883
504 48 883
96 48 883
20 48 883
744 48 883
745 48 883
549 48 883
97 48 884
38 48 884
18 48 884
39 48 884
40 48 884
41 48 884
42 48 884
43 48 884
31 48 884
98 48 884
99 48 884
100 48 884
45 48 884
68 48 884
69 48 884
70 48 884
46 48 884
71 48 884
504 48 884
20 48 884
744 48 884
745 48 884
549 48 884
38 48 885
39 48 885
40 48 885
41 48 885
42 48 885
43 48 885
31 48 885
44 48 885
45 48 885
69 48 885
70 48 885
46 48 885
71 48 885
504 48 885
20 48 885
744 48 885
745 48 885
549 48 885
38 48 886
39 48 886
40 48 886
41 48 886
42 48 886
43 48 886
31 48 886
44 48 886
45 48 886
69 48 886
70 48 886
46 48 886
71 48 886
504 48 886
20 48 886
744 48 886
745 48 886
549 48 886
10 48 887
38 48 887
39 48 887
89 48 887
83 48 887
90 48 887
72 48 887
76 48 887
101 48 887
40 48 887
102 48 887
41 48 887
42 48 887
103 48 887
43 48 887
92 48 887
93 48 887
31 48 887
44 48 887
104 48 887
74 48 887
45 48 887
69 48 887
70 48 887
46 48 887
71 48 887
505 48 887
58 48 887
504 48 887
20 48 887
744 48 887
745 48 887
549 48 887
82 48 887
38 48 888
39 48 888
40 48 888
41 48 888
42 48 888
43 48 888
31 48 888
44 48 888
45 48 888
69 48 888
70 48 888
46 48 888
71 48 888
504 48 888
20 48 888
744 48 888
745 48 888
549 48 888
38 48 889
39 48 889
40 48 889
41 48 889
42 48 889
43 48 889
31 48 889
44 48 889
45 48 889
46 48 889
38 48 890
39 48 890
40 48 890
41 48 890
42 48 890
43 48 890
31 48 890
44 48 890
45 48 890
69 48 890
70 48 890
46 48 890
71 48 890
504 48 890
20 48 890
744 48 890
745 48 890
549 48 890
38 48 891
39 48 891
40 48 891
41 48 891
42 48 891
43 48 891
31 48 891
44 48 891
45 48 891
46 48 891
20 48 891
38 48 892
39 48 892
40 48 892
41 48 892
42 48 892
43 48 892
31 48 892
44 48 892
45 48 892
46 48 892
20 48 892
38 48 893
39 48 893
40 48 893
41 48 893
43 48 893
31 48 893
44 48 893
45 48 893
46 48 893
20 48 893
38 48 894
39 48 894
40 48 894
41 48 894
42 48 894
43 48 894
31 48 894
44 48 894
45 48 894
46 48 894
20 48 894
38 48 895
39 48 895
40 48 895
41 48 895
31 48 895
44 48 895
45 48 895
46 48 895
20 48 895
38 48 896
39 48 896
40 48 896
41 48 896
42 48 896
43 48 896
31 48 896
44 48 896
45 48 896
46 48 896
20 48 896
745 48 896
549 48 896
38 48 897
105 48 897
39 48 897
40 48 897
41 48 897
42 48 897
43 48 897
31 48 897
44 48 897
45 48 897
69 48 897
106 48 897
70 48 897
46 48 897
71 48 897
504 48 897
20 48 897
744 48 897
745 48 897
549 48 897
38 48 898
39 48 898
40 48 898
41 48 898
42 48 898
43 48 898
31 48 898
44 48 898
46 48 898
20 48 898
38 48 899
107 48 899
39 48 899
40 48 899
41 48 899
42 48 899
43 48 899
31 48 899
44 48 899
45 48 899
46 48 899
20 48 899
108 48 900
38 48 900
109 48 900
39 48 900
40 48 900
41 48 900
42 48 900
43 48 900
31 48 900
44 48 900
45 48 900
46 48 900
20 48 900
38 48 901
39 48 901
40 48 901
41 48 901
42 48 901
43 48 901
31 48 901
44 48 901
45 48 901
46 48 901
110 48 901
20 48 901
111 48 902
112 48 902
97 48 903
746 48 903
113 48 904
114 48 905
115 48 905
116 48 905
117 48 905
118 48 905
506 48 905
507 48 905
508 48 905
509 48 905
510 48 905
511 48 905
512 48 905
513 48 905
514 48 905
515 48 905
516 48 905
119 48 905
551 48 905
120 48 905
121 48 905
747 48 905
552 48 905
748 48 905
553 48 905
554 48 905
517 48 905
122 48 905
123 48 905
518 48 905
519 48 905
520 48 905
10 48 906
6 48 907
7 48 907
124 48 908
125 48 908
555 48 908
126 48 908
749 48 908
556 48 908
127 48 908
128 48 909
129 48 909
488 48 910
111 48 911
130 48 911
64 48 911
18 48 912
131 48 912
132 48 912
19 48 912
20 48 912
18 48 913
131 48 913
132 48 913
19 48 913
20 48 913
18 48 914
131 48 914
132 48 914
19 48 914
20 48 914
133 48 915
134 48 915
521 48 916
6 48 917
111 48 918
135 48 918
66 48 918
12 48 919
13 48 919
12 48 920
13 48 920
12 48 921
13 48 921
12 48 922
13 48 922
12 48 923
13 48 923
12 48 924
13 48 924
12 48 925
13 48 925
12 48 926
13 48 926
12 48 927
13 48 927
136 48 928
21 48 929
488 48 930
4 48 931
14 48 931
15 48 931
16 48 931
543 48 931
490 48 931
17 48 931
544 48 931
488 48 932
4 48 933
14 48 933
15 48 933
16 48 933
543 48 933
490 48 933
17 48 933
544 48 933
7 48 934
7 48 935
522 48 935
557 48 935
38 48 936
39 48 936
40 48 936
41 48 936
42 48 936
43 48 936
31 48 936
44 48 936
45 48 936
69 48 936
70 48 936
46 48 936
71 48 936
504 48 936
20 48 936
744 48 936
745 48 936
549 48 936
4 48 937
14 48 937
15 48 937
16 48 937
543 48 937
490 48 937
17 48 937
544 48 937
4 48 938
14 48 938
15 48 938
16 48 938
543 48 938
490 48 938
17 48 938
544 48 938
4 48 939
14 48 939
15 48 939
16 48 939
543 48 939
490 48 939
17 48 939
544 48 939
4 48 940
14 48 940
15 48 940
16 48 940
543 48 940
490 48 940
17 48 940
544 48 940
4 48 941
14 48 941
15 48 941
16 48 941
543 48 941
490 48 941
17 48 941
544 48 941
4 48 942
14 48 942
15 48 942
16 48 942
543 48 942
490 48 942
17 48 942
544 48 942
4 48 943
14 48 943
15 48 943
16 48 943
543 48 943
490 48 943
17 48 943
544 48 943
4 48 944
14 48 944
15 48 944
16 48 944
543 48 944
490 48 944
17 48 944
544 48 944
4 48 945
14 48 945
15 48 945
16 48 945
543 48 945
490 48 945
17 48 945
544 48 945
4 48 946
14 48 946
15 48 946
16 48 946
543 48 946
490 48 946
17 48 946
544 48 946
4 48 947
14 48 947
15 48 947
16 48 947
543 48 947
490 48 947
17 48 947
544 48 947
137 48 948
4 48 949
14 48 949
15 48 949
16 48 949
543 48 949
490 48 949
17 48 949
544 48 949
4 48 950
14 48 950
15 48 950
16 48 950
543 48 950
490 48 950
17 48 950
544 48 950
4 48 951
14 48 951
15 48 951
16 48 951
543 48 951
490 48 951
17 48 951
544 48 951
6 48 952
21 48 952
138 48 953
139 48 954
140 48 954
141 48 954
142 48 954
523 48 954
47 48 954
558 48 954
559 48 954
6 48 955
7 48 955
47 48 955
6 48 956
7 48 956
47 48 956
6 48 957
7 48 957
524 48 957
47 48 957
560 48 957
488 48 958
143 48 958
97 48 958
6 48 959
7 48 959
6 48 960
7 48 960
488 48 961
97 48 961
97 48 962
23 48 963
4 48 964
97 48 965
3 48 966
144 48 967
97 48 968
111 48 969
20 48 970
97 48 971
4 48 972
4 48 973
503 48 974
743 48 974
65 48 974
4 48 975
14 48 975
15 48 975
16 48 975
543 48 975
490 48 975
17 48 975
544 48 975
4 48 976
14 48 976
15 48 976
16 48 976
543 48 976
490 48 976
17 48 976
544 48 976
4 48 977
14 48 977
15 48 977
16 48 977
543 48 977
490 48 977
17 48 977
544 48 977
4 48 978
14 48 978
15 48 978
16 48 978
543 48 978
490 48 978
17 48 978
544 48 978
145 48 979
12 48 980
13 48 980
72 48 981
146 48 981
147 48 981
148 48 981
61 48 982
30 48 982
12 48 983
13 48 983
489 48 984
1 48 985
10 48 985
525 48 985
526 48 985
561 48 985
11 48 985
562 48 985
563 48 985
750 48 985
564 48 985
565 48 985
566 48 985
4 48 986
14 48 986
15 48 986
16 48 986
543 48 986
490 48 986
17 48 986
544 48 986
4 48 987
14 48 987
15 48 987
16 48 987
543 48 987
490 48 987
17 48 987
544 48 987
29 48 988
30 48 988
31 48 988
12 48 989
13 48 989
4 48 990
14 48 990
15 48 990
16 48 990
543 48 990
490 48 990
17 48 990
544 48 990
111 48 991
131 48 991
149 48 992
131 48 992
75 48 992
527 48 993
527 48 994
6 48 995
7 48 995
6 48 996
7 48 996
150 48 997
151 48 998
48 48 999
49 48 999
50 48 999
51 48 999
52 48 999
53 48 999
498 48 999
54 48 999
499 48 999
547 48 999
4 48 1000
14 48 1000
15 48 1000
16 48 1000
543 48 1000
490 48 1000
17 48 1000
544 48 1000
152 48 1001
153 48 1001
86 48 1001
154 48 1001
155 48 1001
0 48 1001
156 48 1001
157 48 1001
152 48 1002
153 48 1002
86 48 1002
154 48 1002
155 48 1002
158 48 1002
159 48 1002
0 48 1002
156 48 1002
157 48 1002
528 48 1002
152 48 1003
153 48 1003
86 48 1003
154 48 1003
155 48 1003
0 48 1003
156 48 1003
157 48 1003
152 48 1004
153 48 1004
154 48 1004
155 48 1004
0 48 1004
156 48 1004
157 48 1004
529 48 1004
152 48 1005
153 48 1005
154 48 1005
155 48 1005
0 48 1005
156 48 1005
157 48 1005
4 48 1006
4 48 1007
160 48 1008
161 48 1008
162 48 1008
567 48 1008
21 48 1009
488 48 1010
112 48 1011
18 48 1011
19 48 1011
20 48 1011
160 48 1012
161 48 1012
162 48 1012
567 48 1012
488 48 1013
38 48 1014
39 48 1014
40 48 1014
41 48 1014
42 48 1014
43 48 1014
31 48 1014
44 48 1014
45 48 1014
69 48 1014
70 48 1014
46 48 1014
71 48 1014
504 48 1014
20 48 1014
744 48 1014
745 48 1014
549 48 1014
21 48 1015
163 48 1016
111 48 1017
133 48 1018
164 48 1019
47 48 1019
23 48 1020
44 48 1021
98 48 1021
99 48 1021
165 48 1021
166 48 1021
100 48 1021
111 48 1022
8 48 1022
26 48 1023
27 48 1023
28 48 1023
29 48 1023
30 48 1023
31 48 1023
32 48 1023
33 48 1023
494 48 1023
157 48 1023
495 48 1023
34 48 1023
496 48 1023
35 48 1023
36 48 1023
741 48 1023
497 48 1023
545 48 1023
546 48 1023
37 48 1023
742 48 1023
488 48 1024
167 48 1024
64 48 1025
160 48 1026
161 48 1026
55 48 1026
168 48 1027
169 48 1027
170 48 1027
171 48 1027
530 48 1027
133 48 1028
29 48 1029
30 48 1029
31 48 1029
12 48 1030
13 48 1030
38 48 1031
39 48 1031
40 48 1031
41 48 1031
42 48 1031
43 48 1031
31 48 1031
44 48 1031
45 48 1031
46 48 1031
20 48 1031
4 48 1032
14 48 1032
15 48 1032
16 48 1032
543 48 1032
490 48 1032
17 48 1032
544 48 1032
19 48 1033
19 48 1034
19 48 1035
19 48 1036
19 48 1037
19 48 1038
6 48 1039
7 48 1039
488 48 1040
111 48 1040
172 48 1040
172 48 1041
38 48 1042
39 48 1042
40 48 1042
41 48 1042
42 48 1042
43 48 1042
31 48 1042
44 48 1042
45 48 1042
69 48 1042
70 48 1042
46 48 1042
71 48 1042
504 48 1042
20 48 1042
744 48 1042
745 48 1042
549 48 1042
137 48 1043
4 48 1044
133 48 1045
169 48 1046
170 48 1046
173 48 1046
174 48 1046
175 48 1046
176 48 1046
177 48 1046
6 48 1047
7 48 1047
6 48 1048
7 48 1048
488 48 1049
488 48 1050
178 48 1051
178 48 1052
4 48 1053
29 48 1054
30 48 1054
31 48 1054
178 48 1055
21 48 1056
30 48 1057
167 48 1058
135 48 1058
179 48 1058
21 48 1059
179 48 1060
180 48 1061
103 48 1061
568 48 1061
531 48 1061
569 48 1061
532 48 1061
181 48 1061
533 48 1061
534 48 1061
570 48 1061
751 48 1061
571 48 1061
179 48 1062
182 48 1063
6 48 1064
183 48 1065
42 48 1066
42 48 1067
488 48 1068
488 48 1069
9 48 1070
29 48 1071
30 48 1071
31 48 1071
111 48 1072
62 48 1073
4 48 1074
14 48 1074
15 48 1074
16 48 1074
543 48 1074
490 48 1074
17 48 1074
544 48 1074
488 48 1075
111 48 1076
23 48 1077
6 48 1078
7 48 1078
152 48 1079
149 48 1079
0 48 1079
9 48 1080
30 48 1081
61 48 1082
184 48 1082
488 48 1083
184 48 1083
4 48 1084
14 48 1084
15 48 1084
16 48 1084
543 48 1084
490 48 1084
17 48 1084
544 48 1084
185 48 1084
4 48 1085
14 48 1085
15 48 1085
16 48 1085
543 48 1085
490 48 1085
17 48 1085
544 48 1085
185 48 1085
4 48 1086
111 48 1087
4 48 1088
4 48 1089
4 48 1090
186 48 1091
48 48 1092
49 48 1092
50 48 1092
51 48 1092
52 48 1092
53 48 1092
498 48 1092
54 48 1092
499 48 1092
547 48 1092
4 48 1093
14 48 1093
15 48 1093
16 48 1093
543 48 1093
490 48 1093
17 48 1093
544 48 1093
9 48 1094
0 48 1094
4 48 1095
14 48 1095
15 48 1095
16 48 1095
543 48 1095
490 48 1095
17 48 1095
544 48 1095
6 48 1096
7 48 1096
6 48 1097
7 48 1097
6 48 1098
7 48 1098
86 48 1099
154 48 1099
76 48 1099
156 48 1099
12 48 1100
4 48 1101
488 48 1102
488 48 1103
491 48 1104
21 48 1105
491 48 1105
21 48 1106
139 48 1107
5 48 1108
21 48 1108
152 48 1109
18 48 1109
132 48 1109
19 48 1109
20 48 1109
152 48 1110
153 48 1110
86 48 1110
154 48 1110
155 48 1110
0 48 1110
156 48 1110
157 48 1110
38 48 1111
39 48 1111
40 48 1111
41 48 1111
42 48 1111
43 48 1111
31 48 1111
44 48 1111
45 48 1111
46 48 1111
20 48 1111
4 48 1112
14 48 1112
15 48 1112
16 48 1112
543 48 1112
490 48 1112
17 48 1112
544 48 1112
4 48 1113
139 48 1114
535 48 1114
536 48 1114
537 48 1114
187 48 1114
538 48 1114
539 48 1114
188 48 1114
189 48 1114
190 48 1114
572 48 1114
573 48 1114
574 48 1114
191 48 1114
192 48 1114
575 48 1114
193 48 1114
576 48 1114
194 48 1114
111 48 1115
139 48 1115
535 48 1115
536 48 1115
537 48 1115
538 48 1115
539 48 1115
188 48 1115
189 48 1115
190 48 1115
572 48 1115
573 48 1115
574 48 1115
191 48 1115
192 48 1115
575 48 1115
193 48 1115
576 48 1115
194 48 1115
195 48 1115
196 48 1116
4 48 1117
488 48 1118
1 48 1119
488 48 1120
197 48 1120
4 48 1121
14 48 1121
15 48 1121
16 48 1121
543 48 1121
490 48 1121
17 48 1121
544 48 1121
489 48 1122
1 48 1123
6 48 1124
198 48 1124
199 48 1124
200 48 1124
201 48 1124
202 48 1124
540 48 1124
541 48 1124
542 48 1124
577 48 1124
21 48 1124
578 48 1124
579 48 1124
752 48 1124
203 48 1124
580 48 1124
753 48 1124
581 48 1124
582 48 1124
204 48 1124
583 48 1124
584 48 1124
205 48 1124
62 48 1125
8 48 1126
152 48 1127
18 48 1127
131 48 1127
132 48 1127
19 48 1127
97 48 1128
196 48 1129
4 48 1130
14 48 1130
15 48 1130
16 48 1130
543 48 1130
490 48 1130
17 48 1130
544 48 1130
182 48 1131
196 48 1131
182 48 1132
196 48 1132
148 48 1133
4 48 1133
14 48 1133
15 48 1133
16 48 1133
543 48 1133
490 48 1133
17 48 1133
544 48 1133
182 48 1134
31 48 1135
24 48 1136
25 48 1136
493 48 1136
24 48 1137
25 48 1137
493 48 1137
206 48 1138
207 48 1138
208 48 1138
209 48 1138
210 48 1138
82 48 1138
111 48 1139
64 48 1139
150 48 1140
211 48 1141
212 48 1141
213 48 1142
214 48 1142
215 48 1142
6 48 1143
7 48 1143
30 48 1144
4 48 1145
14 48 1145
15 48 1145
16 48 1145
543 48 1145
490 48 1145
17 48 1145
544 48 1145
4 48 1146
14 48 1146
15 48 1146
16 48 1146
543 48 1146
490 48 1146
17 48 1146
544 48 1146
4 48 1147
14 48 1147
15 48 1147
16 48 1147
543 48 1147
490 48 1147
17 48 1147
544 48 1147
4 48 1148
14 48 1148
15 48 1148
16 48 1148
543 48 1148
490 48 1148
17 48 1148
544 48 1148
4 48 1149
14 48 1149
15 48 1149
16 48 1149
543 48 1149
490 48 1149
17 48 1149
544 48 1149
4 48 1150
14 48 1150
15 48 1150
16 48 1150
543 48 1150
490 48 1150
17 48 1150
544 48 1150
133 48 1151
216 48 1151
217 48 1152
754 48 1152
585 48 1153
1 48 1154
97 48 1155
218 48 1156
6 48 1157
7 48 1157
219 48 1158
20 48 1158
21 48 1159
21 48 1160
21 48 1161
21 48 1162
18 48 1163
19 48 1163
20 48 1163
3 48 1164
179 48 1165
26 48 1166
27 48 1166
28 48 1166
29 48 1166
33 48 1166
494 48 1166
495 48 1166
34 48 1166
496 48 1166
35 48 1166
36 48 1166
741 48 1166
497 48 1166
545 48 1166
546 48 1166
37 48 1166
742 48 1166
179 48 1167
8 48 1167
220 48 1167
9 48 1167
179 48 1168
8 48 1168
220 48 1168
9 48 1168
221 48 1169
76 48 1169
133 48 1169
222 48 1169
223 48 1169
38 48 1170
39 48 1170
40 48 1170
41 48 1170
42 48 1170
43 48 1170
31 48 1170
44 48 1170
45 48 1170
46 48 1170
29 48 1171
30 48 1171
31 48 1171
133 48 1172
29 48 1173
30 48 1173
31 48 1173
10 48 1174
224 48 1174
42 48 1174
586 48 1175
12 48 1176
13 48 1176
6 48 1177
7 48 1177
30 48 1178
6 48 1179
7 48 1179
64 48 1180
44 48 1181
98 48 1181
99 48 1181
165 48 1181
166 48 1181
100 48 1181
38 48 1182
39 48 1182
40 48 1182
41 48 1182
42 48 1182
43 48 1182
31 48 1182
44 48 1182
45 48 1182
46 48 1182
26 48 1183
27 48 1183
28 48 1183
29 48 1183
30 48 1183
31 48 1183
32 48 1183
33 48 1183
494 48 1183
495 48 1183
34 48 1183
496 48 1183
35 48 1183
36 48 1183
741 48 1183
497 48 1183
545 48 1183
546 48 1183
37 48 1183
742 48 1183
21 48 1184
26 48 1185
27 48 1185
28 48 1185
29 48 1185
30 48 1185
31 48 1185
32 48 1185
33 48 1185
494 48 1185
495 48 1185
34 48 1185
496 48 1185
35 48 1185
36 48 1185
741 48 1185
497 48 1185
545 48 1185
546 48 1185
37 48 1185
742 48 1185
26 48 1186
27 48 1186
28 48 1186
29 48 1186
30 48 1186
31 48 1186
32 48 1186
33 48 1186
494 48 1186
495 48 1186
34 48 1186
496 48 1186
35 48 1186
36 48 1186
741 48 1186
497 48 1186
545 48 1186
546 48 1186
37 48 1186
742 48 1186
26 48 1187
27 48 1187
28 48 1187
29 48 1187
30 48 1187
31 48 1187
32 48 1187
33 48 1187
494 48 1187
495 48 1187
34 48 1187
496 48 1187
35 48 1187
36 48 1187
741 48 1187
497 48 1187
545 48 1187
546 48 1187
37 48 1187
742 48 1187
26 48 1188
27 48 1188
28 48 1188
29 48 1188
30 48 1188
31 48 1188
32 48 1188
33 48 1188
494 48 1188
495 48 1188
34 48 1188
496 48 1188
35 48 1188
36 48 1188
741 48 1188
497 48 1188
545 48 1188
546 48 1188
37 48 1188
742 48 1188
26 48 1189
27 48 1189
28 48 1189
29 48 1189
30 48 1189
31 48 1189
32 48 1189
33 48 1189
494 48 1189
495 48 1189
34 48 1189
496 48 1189
35 48 1189
36 48 1189
741 48 1189
497 48 1189
545 48 1189
546 48 1189
37 48 1189
742 48 1189
26 48 1190
27 48 1190
28 48 1190
29 48 1190
30 48 1190
31 48 1190
32 48 1190
33 48 1190
494 48 1190
495 48 1190
34 48 1190
496 48 1190
35 48 1190
36 48 1190
741 48 1190
497 48 1190
545 48 1190
546 48 1190
37 48 1190
742 48 1190
26 48 1191
27 48 1191
28 48 1191
29 48 1191
30 48 1191
31 48 1191
32 48 1191
33 48 1191
494 48 1191
495 48 1191
34 48 1191
496 48 1191
35 48 1191
36 48 1191
741 48 1191
497 48 1191
545 48 1191
546 48 1191
37 48 1191
742 48 1191
29 48 1192
30 48 1192
31 48 1192
29 48 1193
30 48 1193
31 48 1193
26 48 1194
27 48 1194
28 48 1194
29 48 1194
30 48 1194
31 48 1194
32 48 1194
33 48 1194
494 48 1194
495 48 1194
34 48 1194
496 48 1194
35 48 1194
36 48 1194
741 48 1194
497 48 1194
545 48 1194
546 48 1194
37 48 1194
742 48 1194
26 48 1195
27 48 1195
28 48 1195
29 48 1195
30 48 1195
31 48 1195
32 48 1195
33 48 1195
494 48 1195
495 48 1195
34 48 1195
496 48 1195
35 48 1195
36 48 1195
741 48 1195
497 48 1195
545 48 1195
546 48 1195
37 48 1195
742 48 1195
26 48 1196
27 48 1196
28 48 1196
29 48 1196
30 48 1196
31 48 1196
32 48 1196
33 48 1196
494 48 1196
495 48 1196
34 48 1196
496 48 1196
35 48 1196
36 48 1196
741 48 1196
497 48 1196
545 48 1196
546 48 1196
37 48 1196
742 48 1196
26 48 1197
27 48 1197
28 48 1197
29 48 1197
33 48 1197
494 48 1197
157 48 1197
495 48 1197
34 48 1197
496 48 1197
35 48 1197
36 48 1197
741 48 1197
497 48 1197
545 48 1197
546 48 1197
37 48 1197
742 48 1197
26 48 1198
27 48 1198
28 48 1198
29 48 1198
30 48 1198
31 48 1198
32 48 1198
33 48 1198
494 48 1198
495 48 1198
34 48 1198
496 48 1198
35 48 1198
36 48 1198
741 48 1198
497 48 1198
545 48 1198
546 48 1198
37 48 1198
742 48 1198
26 48 1199
27 48 1199
28 48 1199
29 48 1199
30 48 1199
31 48 1199
33 48 1199
494 48 1199
495 48 1199
34 48 1199
496 48 1199
35 48 1199
36 48 1199
741 48 1199
497 48 1199
545 48 1199
546 48 1199
37 48 1199
742 48 1199
4 48 1200
14 48 1200
15 48 1200
16 48 1200
543 48 1200
490 48 1200
17 48 1200
544 48 1200
29 48 1201
30 48 1201
31 48 1201
4 48 1202
14 48 1202
15 48 1202
16 48 1202
543 48 1202
490 48 1202
17 48 1202
544 48 1202
225 48 1203
12 48 1204
6 48 1205
29 48 1205
61 48 1205
30 48 1205
31 48 1205
29 48 1206
30 48 1206
31 48 1206
29 48 1207
30 48 1207
31 48 1207
113 48 1208
586 48 1209
20 48 1210
586 48 1211
21 48 1212
21 48 1213
755 48 1214
226 48 1214
227 48 1214
21 48 1214
228 48 1214
229 48 1214
230 48 1214
21 48 1215
6 48 1216
7 48 1216
6 48 1217
7 48 1217
231 48 1217
29 48 1218
30 48 1218
31 48 1218
29 48 1219
30 48 1219
31 48 1219
29 48 1220
30 48 1220
31 48 1220
29 48 1221
30 48 1221
31 48 1221
29 48 1222
30 48 1222
31 48 1222
29 48 1223
30 48 1223
31 48 1223
29 48 1224
30 48 1224
31 48 1224
29 48 1225
30 48 1225
31 48 1225
6 48 1226
7 48 1226
231 48 1226
218 48 1227
12 48 1228
586 48 1229
21 48 1230
55 48 1230
491 48 1230
21 48 1231
491 48 1231
21 48 1232
491 48 1232
232 48 1233
233 48 1234
6 48 1235
6 48 1236
130 48 1237
234 48 1237
492 48 1238
492 48 1239
492 48 1240
492 48 1241
492 48 1242
492 48 1243
492 48 1244
492 48 1245
492 48 1246
492 48 1247
63 48 1248
12 48 1249
13 48 1249
12 48 1250
13 48 1250
6 48 1251
12 48 1252
12 48 1253
12 48 1254
6 48 1255
12 48 1256
13 48 1256
12 48 1257
13 48 1257
12 48 1258
13 48 1258
12 48 1259
13 48 1259
586 48 1260
12 48 1261
13 48 1261
12 48 1262
13 48 1262
12 48 1263
13 48 1263
12 48 1264
13 48 1264
12 48 1265
13 48 1265
12 48 1266
13 48 1266
12 48 1267
13 48 1267
235 48 1268
12 48 1269
13 48 1269
12 48 1270
13 48 1270
4 48 1271
12 48 1272
13 48 1272
12 48 1273
13 48 1273
85 48 1274
6 48 1275
6 48 1276
7 48 1276
29 48 1277
30 48 1277
31 48 1277
23 48 1278
29 48 1279
30 48 1279
31 48 1279
4 48 1280
14 48 1280
15 48 1280
16 48 1280
543 48 1280
490 48 1280
17 48 1280
544 48 1280
488 48 1281
23 48 1282
503 48 1283
743 48 1283
65 48 1283
503 48 1284
743 48 1284
65 48 1284
503 48 1285
743 48 1285
65 48 1285
503 48 1286
743 48 1286
65 48 1286
503 48 1287
743 48 1287
65 48 1287
503 48 1288
743 48 1288
65 48 1288
503 48 1289
743 48 1289
65 48 1289
503 48 1290
743 48 1290
65 48 1290
503 48 1291
743 48 1291
65 48 1291
503 48 1292
743 48 1292
65 48 1292
4 48 1293
4 48 1294
4 48 1295
4 48 1296
4 48 1297
47 48 1298
137 48 1299
6 48 1300
7 48 1300
6 48 1301
7 48 1301
6 48 1302
7 48 1302
6 48 1303
7 48 1303
6 48 1304
7 48 1304
179 48 1305
10 48 1306
8 48 1307
38 48 1308
39 48 1308
40 48 1308
41 48 1308
42 48 1308
43 48 1308
156 48 1308
31 48 1308
44 48 1308
45 48 1308
46 48 1308
20 48 1308
152 48 1309
236 48 1309
153 48 1309
149 48 1309
86 48 1309
237 48 1309
238 48 1309
154 48 1309
155 48 1309
239 48 1309
587 48 1309
588 48 1309
18 48 1309
240 48 1309
241 48 1309
158 48 1309
242 48 1309
243 48 1309
244 48 1309
156 48 1309
589 48 1309
87 48 1309
245 48 1309
246 48 1309
590 48 1309
591 48 1309
592 48 1309
593 48 1309
247 48 1309
248 48 1309
594 48 1309
595 48 1309
249 48 1309
596 48 1309
529 48 1309
597 48 1309
598 48 1309
250 48 1309
251 48 1309
599 48 1309
600 48 1309
252 48 1309
756 48 1309
601 48 1309
757 48 1309
253 48 1309
254 48 1309
255 48 1309
602 48 1309
603 48 1309
604 48 1309
256 48 1309
605 48 1309
606 48 1309
257 48 1309
258 48 1309
259 48 1309
260 48 1309
261 48 1309
607 48 1309
608 48 1309
236 48 1310
153 48 1310
149 48 1310
86 48 1310
237 48 1310
238 48 1310
154 48 1310
155 48 1310
239 48 1310
587 48 1310
588 48 1310
18 48 1310
240 48 1310
241 48 1310
158 48 1310
242 48 1310
262 48 1310
243 48 1310
244 48 1310
156 48 1310
589 48 1310
87 48 1310
245 48 1310
246 48 1310
590 48 1310
591 48 1310
592 48 1310
593 48 1310
247 48 1310
248 48 1310
594 48 1310
595 48 1310
249 48 1310
596 48 1310
529 48 1310
597 48 1310
598 48 1310
250 48 1310
251 48 1310
599 48 1310
600 48 1310
252 48 1310
756 48 1310
601 48 1310
757 48 1310
253 48 1310
254 48 1310
255 48 1310
602 48 1310
603 48 1310
604 48 1310
256 48 1310
605 48 1310
606 48 1310
257 48 1310
258 48 1310
259 48 1310
260 48 1310
261 48 1310
607 48 1310
608 48 1310
4 48 1311
4 48 1312
14 48 1312
15 48 1312
16 48 1312
543 48 1312
490 48 1312
17 48 1312
544 48 1312
30 48 1313
12 48 1314
13 48 1314
137 48 1315
23 48 1316
23 48 1317
23 48 1318
8 48 1319
9 48 1319
133 48 1319
488 48 1320
9 48 1321
133 48 1321
6 48 1322
198 48 1322
200 48 1322
201 48 1322
142 48 1322
202 48 1322
263 48 1322
21 48 1322
203 48 1322
581 48 1322
204 48 1322
264 48 1323
265 48 1323
758 48 1323
609 48 1323
610 48 1323
4 48 1324
14 48 1324
15 48 1324
16 48 1324
543 48 1324
490 48 1324
17 48 1324
544 48 1324
4 48 1325
14 48 1325
15 48 1325
16 48 1325
543 48 1325
490 48 1325
17 48 1325
544 48 1325
4 48 1326
232 48 1327
113 48 1327
20 48 1327
20 48 1328
4 48 1329
14 48 1329
15 48 1329
16 48 1329
543 48 1329
490 48 1329
17 48 1329
544 48 1329
503 48 1330
743 48 1330
65 48 1330
6 48 1331
7 48 1331
1 48 1332
12 48 1333
13 48 1333
179 48 1334
4 48 1335
6 48 1336
7 48 1336
235 48 1337
21 48 1338
488 48 1339
38 48 1340
39 48 1340
40 48 1340
41 48 1340
42 48 1340
43 48 1340
31 48 1340
44 48 1340
45 48 1340
69 48 1340
70 48 1340
46 48 1340
71 48 1340
504 48 1340
20 48 1340
744 48 1340
745 48 1340
549 48 1340
133 48 1341
133 48 1342
4 48 1343
4 48 1344
4 48 1345
29 48 1346
30 48 1346
31 48 1346
29 48 1347
30 48 1347
31 48 1347
266 48 1348
611 48 1348
612 48 1348
613 48 1348
488 48 1349
21 48 1350
267 48 1351
4 48 1352
268 48 1353
4 48 1354
6 48 1355
7 48 1355
18 48 1356
269 48 1356
270 48 1357
179 48 1358
220 48 1359
3 48 1360
133 48 1360
4 48 1361
4 48 1362
4 48 1363
14 48 1363
15 48 1363
16 48 1363
543 48 1363
490 48 1363
17 48 1363
544 48 1363
271 48 1364
614 48 1364
4 48 1365
3 48 1366
272 48 1366
4 48 1367
14 48 1367
15 48 1367
16 48 1367
543 48 1367
490 48 1367
17 48 1367
544 48 1367
66 48 1368
66 48 1369
500 48 1370
501 48 1370
502 48 1370
548 48 1370
56 48 1370
57 48 1370
273 48 1371
274 48 1371
275 48 1371
759 48 1371
760 48 1371
615 48 1371
276 48 1371
502 48 1371
616 48 1371
761 48 1371
277 48 1371
617 48 1371
278 48 1371
56 48 1371
279 48 1371
273 48 1372
274 48 1372
275 48 1372
759 48 1372
760 48 1372
615 48 1372
276 48 1372
502 48 1372
616 48 1372
761 48 1372
277 48 1372
617 48 1372
278 48 1372
56 48 1372
279 48 1372
500 48 1373
501 48 1373
502 48 1373
548 48 1373
56 48 1373
57 48 1373
158 48 1374
131 48 1375
132 48 1375
6 48 1376
7 48 1376
4 48 1377
4 48 1378
66 48 1379
280 48 1379
762 48 1379
21 48 1379
113 48 1379
618 48 1379
281 48 1379
268 48 1380
4 48 1381
14 48 1381
15 48 1381
16 48 1381
543 48 1381
490 48 1381
17 48 1381
544 48 1381
492 48 1382
492 48 1383
492 48 1384
492 48 1385
492 48 1386
1 48 1387
66 48 1388
66 48 1389
131 48 1390
132 48 1390
111 48 1391
282 48 1391
4 48 1392
4 48 1393
48 48 1394
283 48 1394
49 48 1394
50 48 1394
51 48 1394
52 48 1394
284 48 1394
285 48 1394
53 48 1394
498 48 1394
207 48 1394
54 48 1394
208 48 1394
209 48 1394
286 48 1394
287 48 1394
499 48 1394
288 48 1394
58 48 1394
289 48 1394
547 48 1394
48 48 1395
283 48 1395
49 48 1395
50 48 1395
51 48 1395
290 48 1395
52 48 1395
284 48 1395
285 48 1395
53 48 1395
498 48 1395
207 48 1395
54 48 1395
208 48 1395
209 48 1395
286 48 1395
499 48 1395
288 48 1395
547 48 1395
48 48 1396
49 48 1396
50 48 1396
51 48 1396
52 48 1396
53 48 1396
498 48 1396
54 48 1396
499 48 1396
547 48 1396
48 48 1397
283 48 1397
49 48 1397
50 48 1397
51 48 1397
290 48 1397
52 48 1397
284 48 1397
285 48 1397
53 48 1397
498 48 1397
207 48 1397
54 48 1397
208 48 1397
209 48 1397
499 48 1397
288 48 1397
547 48 1397
48 48 1398
49 48 1398
50 48 1398
51 48 1398
52 48 1398
53 48 1398
498 48 1398
54 48 1398
499 48 1398
547 48 1398
48 48 1399
49 48 1399
50 48 1399
51 48 1399
52 48 1399
53 48 1399
498 48 1399
54 48 1399
499 48 1399
547 48 1399
48 48 1400
49 48 1400
50 48 1400
51 48 1400
52 48 1400
53 48 1400
498 48 1400
54 48 1400
499 48 1400
547 48 1400
48 48 1401
49 48 1401
50 48 1401
51 48 1401
52 48 1401
53 48 1401
498 48 1401
54 48 1401
499 48 1401
547 48 1401
48 48 1402
49 48 1402
50 48 1402
51 48 1402
52 48 1402
53 48 1402
498 48 1402
54 48 1402
499 48 1402
547 48 1402
48 48 1403
49 48 1403
50 48 1403
51 48 1403
52 48 1403
53 48 1403
498 48 1403
54 48 1403
499 48 1403
547 48 1403
4 48 1404
14 48 1404
15 48 1404
16 48 1404
543 48 1404
490 48 1404
17 48 1404
544 48 1404
47 48 1405
64 48 1405
12 48 1406
13 48 1406
492 48 1407
21 48 1408
491 48 1408
12 48 1409
13 48 1409
21 48 1410
6 48 1411
7 48 1411
152 48 1412
18 48 1412
132 48 1412
19 48 1412
20 48 1412
291 48 1413
21 48 1414
21 48 1415
12 48 1416
13 48 1416
139 48 1417
266 48 1418
611 48 1418
612 48 1418
613 48 1418
23 48 1419
30 48 1420
139 48 1421
133 48 1422
29 48 1423
30 48 1423
31 48 1423
21 48 1424
491 48 1424
38 48 1425
39 48 1425
40 48 1425
41 48 1425
42 48 1425
43 48 1425
31 48 1425
44 48 1425
45 48 1425
46 48 1425
20 48 1425
12 48 1426
12 48 1427
13 48 1427
12 48 1428
13 48 1428
489 48 1429
26 48 1430
27 48 1430
28 48 1430
29 48 1430
30 48 1430
31 48 1430
32 48 1430
33 48 1430
494 48 1430
495 48 1430
34 48 1430
496 48 1430
35 48 1430
36 48 1430
741 48 1430
497 48 1430
545 48 1430
546 48 1430
37 48 1430
742 48 1430
1 48 1431
26 48 1431
27 48 1431
28 48 1431
29 48 1431
30 48 1431
31 48 1431
33 48 1431
494 48 1431
495 48 1431
34 48 1431
496 48 1431
35 48 1431
36 48 1431
741 48 1431
497 48 1431
545 48 1431
546 48 1431
37 48 1431
742 48 1431
151 48 1432
143 48 1433
500 48 1434
501 48 1434
502 48 1434
548 48 1434
56 48 1434
57 48 1434
160 48 1435
161 48 1435
162 48 1435
567 48 1435
4 48 1436
38 48 1437
39 48 1437
40 48 1437
41 48 1437
42 48 1437
43 48 1437
31 48 1437
44 48 1437
45 48 1437
46 48 1437
20 48 1437
4 48 1438
4 48 1439
6 48 1440
12 48 1441
13 48 1441
4 48 1442
586 48 1443
21 48 1444
491 48 1444
4 48 1445
6 48 1446
7 48 1446
38 48 1447
39 48 1447
40 48 1447
41 48 1447
42 48 1447
43 48 1447
31 48 1447
44 48 1447
45 48 1447
46 48 1447
21 48 1448
64 48 1449
0 48 1450
12 48 1451
13 48 1451
489 48 1452
133 48 1453
1 48 1454
283 48 1455
58 48 1455
58 48 1456
133 48 1457
43 48 1457
78 48 1457
44 48 1457
141 48 1457
292 48 1457
293 48 1457
294 48 1457
58 48 1457
26 48 1458
295 48 1458
763 48 1458
496 48 1458
764 48 1458
137 48 1459
296 48 1460
619 48 1461
620 48 1461
148 48 1461
765 48 1461
752 48 1461
621 48 1461
622 48 1461
297 48 1461
584 48 1461
766 48 1461
623 48 1461
619 48 1462
298 48 1462
299 48 1462
620 48 1462
148 48 1462
767 48 1462
300 48 1462
301 48 1462
302 48 1462
303 48 1462
765 48 1462
752 48 1462
621 48 1462
622 48 1462
75 48 1462
297 48 1462
304 48 1462
584 48 1462
766 48 1462
623 48 1462
619 48 1463
298 48 1463
299 48 1463
620 48 1463
148 48 1463
765 48 1463
752 48 1463
621 48 1463
622 48 1463
75 48 1463
297 48 1463
584 48 1463
766 48 1463
623 48 1463
619 48 1464
298 48 1464
299 48 1464
620 48 1464
148 48 1464
765 48 1464
752 48 1464
621 48 1464
622 48 1464
297 48 1464
584 48 1464
766 48 1464
623 48 1464
619 48 1465
620 48 1465
765 48 1465
752 48 1465
621 48 1465
622 48 1465
297 48 1465
584 48 1465
766 48 1465
623 48 1465
619 48 1466
620 48 1466
148 48 1466
765 48 1466
752 48 1466
621 48 1466
622 48 1466
297 48 1466
584 48 1466
766 48 1466
623 48 1466
148 48 1467
298 48 1468
299 48 1468
45 48 1468
148 48 1468
69 48 1468
106 48 1468
70 48 1468
75 48 1468
148 48 1469
298 48 1470
299 48 1470
148 48 1470
75 48 1470
133 48 1471
80 48 1471
624 48 1471
305 48 1471
263 48 1471
304 48 1471
625 48 1471
10 48 1472
624 48 1472
625 48 1472
306 48 1473
283 48 1474
58 48 1474
626 48 1475
768 48 1475
627 48 1475
769 48 1475
626 48 1476
768 48 1476
627 48 1476
769 48 1476
31 48 1477
283 48 1478
58 48 1478
283 48 1479
58 48 1479
39 48 1480
76 48 1480
307 48 1480
308 48 1480
309 48 1480
310 48 1480
311 48 1480
298 48 1480
222 48 1480
290 48 1480
44 48 1480
98 48 1480
99 48 1480
165 48 1480
166 48 1480
100 48 1480
312 48 1480
223 48 1480
104 48 1480
313 48 1480
314 48 1480
315 48 1480
624 48 1480
46 48 1480
316 48 1480
622 48 1480
770 48 1480
628 48 1480
317 48 1480
318 48 1480
771 48 1480
319 48 1480
39 48 1481
76 48 1481
307 48 1481
308 48 1481
298 48 1481
222 48 1481
165 48 1481
100 48 1481
312 48 1481
223 48 1481
104 48 1481
624 48 1481
622 48 1481
770 48 1481
628 48 1481
771 48 1481
39 48 1482
76 48 1482
307 48 1482
308 48 1482
298 48 1482
222 48 1482
165 48 1482
100 48 1482
312 48 1482
223 48 1482
104 48 1482
624 48 1482
622 48 1482
770 48 1482
628 48 1482
771 48 1482
39 48 1483
76 48 1483
307 48 1483
308 48 1483
298 48 1483
222 48 1483
165 48 1483
100 48 1483
312 48 1483
223 48 1483
104 48 1483
624 48 1483
622 48 1483
770 48 1483
628 48 1483
771 48 1483
39 48 1484
76 48 1484
307 48 1484
308 48 1484
298 48 1484
222 48 1484
165 48 1484
100 48 1484
312 48 1484
223 48 1484
104 48 1484
624 48 1484
622 48 1484
770 48 1484
628 48 1484
771 48 1484
39 48 1485
76 48 1485
307 48 1485
308 48 1485
298 48 1485
222 48 1485
165 48 1485
100 48 1485
312 48 1485
223 48 1485
104 48 1485
624 48 1485
622 48 1485
770 48 1485
628 48 1485
771 48 1485
39 48 1486
76 48 1486
307 48 1486
298 48 1486
222 48 1486
165 48 1486
100 48 1486
312 48 1486
223 48 1486
104 48 1486
39 48 1487
76 48 1487
307 48 1487
298 48 1487
222 48 1487
165 48 1487
100 48 1487
312 48 1487
223 48 1487
104 48 1487
39 48 1488
76 48 1488
307 48 1488
298 48 1488
222 48 1488
165 48 1488
100 48 1488
312 48 1488
223 48 1488
104 48 1488
39 48 1489
76 48 1489
307 48 1489
298 48 1489
222 48 1489
165 48 1489
100 48 1489
312 48 1489
223 48 1489
104 48 1489
39 48 1490
76 48 1490
307 48 1490
298 48 1490
222 48 1490
165 48 1490
100 48 1490
312 48 1490
223 48 1490
104 48 1490
39 48 1491
76 48 1491
307 48 1491
298 48 1491
222 48 1491
165 48 1491
100 48 1491
312 48 1491
223 48 1491
104 48 1491
39 48 1492
76 48 1492
307 48 1492
298 48 1492
222 48 1492
165 48 1492
100 48 1492
312 48 1492
223 48 1492
104 48 1492
39 48 1493
76 48 1493
307 48 1493
298 48 1493
222 48 1493
165 48 1493
100 48 1493
312 48 1493
223 48 1493
104 48 1493
76 48 1494
222 48 1494
223 48 1494
283 48 1495
58 48 1495
283 48 1496
58 48 1496
133 48 1497
43 48 1497
78 48 1497
44 48 1497
141 48 1497
292 48 1497
293 48 1497
294 48 1497
58 48 1497
283 48 1498
58 48 1498
283 48 1499
629 48 1499
320 48 1499
630 48 1499
58 48 1499
283 48 1500
58 48 1500
76 48 1501
80 48 1501
44 48 1501
98 48 1501
99 48 1501
165 48 1501
166 48 1501
100 48 1501
223 48 1501
769 48 1501
76 48 1502
80 48 1502
100 48 1502
223 48 1502
769 48 1502
76 48 1503
80 48 1503
100 48 1503
223 48 1503
72 48 1504
146 48 1504
147 48 1504
626 48 1504
768 48 1504
627 48 1504
148 48 1504
769 48 1504
283 48 1505
44 48 1505
98 48 1505
99 48 1505
165 48 1505
166 48 1505
100 48 1505
305 48 1505
283 48 1506
305 48 1506
288 48 1506
283 48 1507
305 48 1507
283 48 1508
305 48 1508
305 48 1509
290 48 1510
305 48 1510
772 48 1510
772 48 1511
305 48 1512
772 48 1512
305 48 1513
772 48 1513
305 48 1514
772 48 1514
10 48 1515
624 48 1515
625 48 1515
10 48 1516
624 48 1516
625 48 1516
10 48 1517
624 48 1517
625 48 1517
10 48 1518
624 48 1518
625 48 1518
10 48 1519
624 48 1519
625 48 1519
72 48 1520
146 48 1520
321 48 1520
147 48 1520
74 48 1520
626 48 1520
768 48 1520
627 48 1520
148 48 1520
769 48 1520
75 48 1520
322 48 1520
133 48 1521
43 48 1521
78 48 1521
44 48 1521
141 48 1521
292 48 1521
293 48 1521
294 48 1521
58 48 1521
133 48 1522
43 48 1522
78 48 1522
44 48 1522
141 48 1522
292 48 1522
293 48 1522
294 48 1522
58 48 1522
283 48 1523
98 48 1523
99 48 1523
165 48 1523
166 48 1523
100 48 1523
631 48 1523
632 48 1523
58 48 1523
773 48 1523
283 48 1524
631 48 1524
632 48 1524
58 48 1524
773 48 1524
283 48 1525
631 48 1525
633 48 1525
634 48 1525
635 48 1525
58 48 1525
773 48 1525
283 48 1526
636 48 1526
629 48 1526
630 48 1526
58 48 1526
283 48 1527
101 48 1527
631 48 1527
632 48 1527
637 48 1527
629 48 1527
774 48 1527
630 48 1527
58 48 1527
773 48 1527
283 48 1528
58 48 1528
283 48 1529
633 48 1529
638 48 1529
632 48 1529
629 48 1529
630 48 1529
58 48 1529
283 48 1530
323 48 1530
633 48 1530
58 48 1530
283 48 1531
58 48 1531
283 48 1532
631 48 1532
632 48 1532
58 48 1532
773 48 1532
283 48 1533
633 48 1533
58 48 1533
283 48 1534
58 48 1534
283 48 1535
58 48 1535
283 48 1536
58 48 1536
283 48 1537
58 48 1537
283 48 1538
774 48 1538
58 48 1538
766 48 1538
283 48 1539
324 48 1539
58 48 1539
283 48 1540
58 48 1540
283 48 1541
58 48 1541
283 48 1542
629 48 1542
630 48 1542
58 48 1542
89 48 1543
90 48 1543
283 48 1543
323 48 1543
93 48 1543
320 48 1543
325 48 1543
639 48 1543
58 48 1543
640 48 1543
224 48 1544
283 48 1544
326 48 1544
295 48 1544
327 48 1544
40 48 1544
269 48 1544
88 48 1544
328 48 1544
329 48 1544
58 48 1544
283 48 1545
58 48 1545
283 48 1546
58 48 1546
283 48 1547
58 48 1547
283 48 1548
58 48 1548
283 48 1549
641 48 1549
330 48 1549
633 48 1549
642 48 1549
331 48 1549
774 48 1549
58 48 1549
625 48 1549
283 48 1550
58 48 1550
283 48 1551
58 48 1551
283 48 1552
58 48 1552
326 48 1553
327 48 1553
325 48 1553
332 48 1553
643 48 1553
333 48 1553
283 48 1554
58 48 1554
283 48 1555
58 48 1555
283 48 1556
58 48 1556
283 48 1557
58 48 1557
283 48 1558
325 48 1558
58 48 1558
629 48 1559
320 48 1559
630 48 1559
283 48 1560
49 48 1560
51 48 1560
44 48 1560
284 48 1560
285 48 1560
207 48 1560
208 48 1560
209 48 1560
68 48 1560
288 48 1560
58 48 1560
283 48 1561
58 48 1561
283 48 1562
641 48 1562
331 48 1562
644 48 1562
622 48 1562
58 48 1562
283 48 1563
641 48 1563
645 48 1563
646 48 1563
331 48 1563
775 48 1563
622 48 1563
776 48 1563
58 48 1563
777 48 1563
778 48 1563
283 48 1564
641 48 1564
647 48 1564
648 48 1564
646 48 1564
649 48 1564
650 48 1564
331 48 1564
651 48 1564
779 48 1564
58 48 1564
777 48 1564
778 48 1564
26 48 1565
283 48 1565
323 48 1565
44 48 1565
763 48 1565
496 48 1565
58 48 1565
764 48 1565
652 48 1565
283 48 1566
324 48 1566
653 48 1566
58 48 1566
654 48 1566
283 48 1567
58 48 1567
283 48 1568
58 48 1568
283 48 1569
58 48 1569
283 48 1570
58 48 1570
283 48 1571
58 48 1571
655 48 1572
655 48 1573
31 48 1574
31 48 1575
31 48 1576
31 48 1577
31 48 1578
283 48 1579
58 48 1579
283 48 1580
58 48 1580
83 48 1581
334 48 1581
133 48 1581
78 48 1581
52 48 1581
335 48 1581
655 48 1581
305 48 1581
58 48 1581
133 48 1582
43 48 1582
78 48 1582
44 48 1582
141 48 1582
292 48 1582
293 48 1582
655 48 1582
294 48 1582
58 48 1582
283 48 1583
629 48 1583
630 48 1583
58 48 1583
133 48 1584
43 48 1584
78 48 1584
44 48 1584
141 48 1584
292 48 1584
293 48 1584
294 48 1584
58 48 1584
83 48 1585
334 48 1585
133 48 1585
78 48 1585
52 48 1585
335 48 1585
655 48 1585
305 48 1585
58 48 1585
619 48 1586
298 48 1586
299 48 1586
620 48 1586
148 48 1586
765 48 1586
752 48 1586
621 48 1586
622 48 1586
75 48 1586
297 48 1586
584 48 1586
766 48 1586
623 48 1586
133 48 1587
43 48 1587
78 48 1587
44 48 1587
141 48 1587
292 48 1587
293 48 1587
294 48 1587
58 48 1587
83 48 1588
334 48 1588
133 48 1588
78 48 1588
52 48 1588
335 48 1588
305 48 1588
58 48 1588
39 48 1589
76 48 1589
307 48 1589
298 48 1589
222 48 1589
165 48 1589
100 48 1589
312 48 1589
223 48 1589
104 48 1589
283 48 1590
58 48 1590
283 48 1591
44 48 1591
58 48 1591
44 48 1592
619 48 1593
298 48 1593
299 48 1593
620 48 1593
148 48 1593
765 48 1593
752 48 1593
621 48 1593
622 48 1593
75 48 1593
297 48 1593
584 48 1593
766 48 1593
623 48 1593
655 48 1594
283 48 1595
58 48 1595
133 48 1596
43 48 1596
78 48 1596
44 48 1596
141 48 1596
292 48 1596
293 48 1596
294 48 1596
58 48 1596
283 48 1597
58 48 1597
26 48 1598
133 48 1598
43 48 1598
78 48 1598
31 48 1598
141 48 1598
292 48 1598
293 48 1598
656 48 1598
760 48 1598
294 48 1598
657 48 1598
763 48 1598
496 48 1598
336 48 1598
58 48 1598
764 48 1598
26 48 1599
133 48 1599
43 48 1599
78 48 1599
31 48 1599
141 48 1599
292 48 1599
293 48 1599
656 48 1599
760 48 1599
294 48 1599
657 48 1599
763 48 1599
496 48 1599
58 48 1599
764 48 1599
26 48 1600
133 48 1600
43 48 1600
78 48 1600
31 48 1600
141 48 1600
292 48 1600
293 48 1600
656 48 1600
760 48 1600
294 48 1600
657 48 1600
763 48 1600
496 48 1600
58 48 1600
764 48 1600
337 48 1601
338 48 1601
658 48 1601
339 48 1601
290 48 1601
52 48 1601
632 48 1601
659 48 1601
637 48 1601
629 48 1601
287 48 1601
660 48 1601
661 48 1601
662 48 1601
663 48 1601
656 48 1601
664 48 1601
665 48 1601
666 48 1601
774 48 1601
667 48 1601
668 48 1601
669 48 1601
670 48 1601
630 48 1601
671 48 1601
780 48 1601
83 48 1602
334 48 1602
133 48 1602
78 48 1602
52 48 1602
335 48 1602
305 48 1602
58 48 1602
337 48 1603
338 48 1603
658 48 1603
632 48 1603
659 48 1603
637 48 1603
629 48 1603
660 48 1603
661 48 1603
662 48 1603
663 48 1603
656 48 1603
664 48 1603
665 48 1603
666 48 1603
774 48 1603
667 48 1603
668 48 1603
669 48 1603
670 48 1603
630 48 1603
671 48 1603
780 48 1603
83 48 1604
334 48 1604
133 48 1604
337 48 1604
338 48 1604
658 48 1604
78 48 1604
52 48 1604
335 48 1604
632 48 1604
659 48 1604
637 48 1604
629 48 1604
660 48 1604
661 48 1604
662 48 1604
663 48 1604
656 48 1604
664 48 1604
305 48 1604
665 48 1604
666 48 1604
774 48 1604
667 48 1604
668 48 1604
669 48 1604
670 48 1604
630 48 1604
58 48 1604
671 48 1604
780 48 1604
83 48 1605
334 48 1605
133 48 1605
337 48 1605
338 48 1605
658 48 1605
78 48 1605
52 48 1605
335 48 1605
632 48 1605
659 48 1605
637 48 1605
629 48 1605
660 48 1605
661 48 1605
662 48 1605
663 48 1605
656 48 1605
664 48 1605
305 48 1605
665 48 1605
666 48 1605
774 48 1605
667 48 1605
668 48 1605
669 48 1605
670 48 1605
630 48 1605
58 48 1605
671 48 1605
780 48 1605
83 48 1606
334 48 1606
133 48 1606
78 48 1606
52 48 1606
335 48 1606
305 48 1606
58 48 1606
296 48 1607
83 48 1607
334 48 1607
133 48 1607
337 48 1607
338 48 1607
658 48 1607
78 48 1607
79 48 1607
340 48 1607
632 48 1607
659 48 1607
637 48 1607
629 48 1607
341 48 1607
660 48 1607
142 48 1607
661 48 1607
662 48 1607
663 48 1607
656 48 1607
664 48 1607
305 48 1607
665 48 1607
666 48 1607
774 48 1607
667 48 1607
668 48 1607
669 48 1607
670 48 1607
630 48 1607
58 48 1607
671 48 1607
780 48 1607
342 48 1607
343 48 1607
83 48 1608
334 48 1608
133 48 1608
78 48 1608
52 48 1608
335 48 1608
305 48 1608
58 48 1608
337 48 1609
338 48 1609
658 48 1609
632 48 1609
659 48 1609
637 48 1609
629 48 1609
660 48 1609
661 48 1609
662 48 1609
663 48 1609
656 48 1609
664 48 1609
665 48 1609
666 48 1609
774 48 1609
667 48 1609
668 48 1609
669 48 1609
670 48 1609
630 48 1609
671 48 1609
780 48 1609
337 48 1610
338 48 1610
658 48 1610
632 48 1610
659 48 1610
637 48 1610
629 48 1610
660 48 1610
661 48 1610
662 48 1610
663 48 1610
656 48 1610
664 48 1610
665 48 1610
666 48 1610
774 48 1610
667 48 1610
668 48 1610
669 48 1610
670 48 1610
630 48 1610
671 48 1610
780 48 1610
296 48 1611
83 48 1611
334 48 1611
133 48 1611
338 48 1611
78 48 1611
52 48 1611
335 48 1611
660 48 1611
142 48 1611
661 48 1611
662 48 1611
663 48 1611
656 48 1611
664 48 1611
305 48 1611
665 48 1611
666 48 1611
774 48 1611
672 48 1611
667 48 1611
670 48 1611
58 48 1611
780 48 1611
83 48 1612
334 48 1612
133 48 1612
78 48 1612
52 48 1612
335 48 1612
655 48 1612
305 48 1612
58 48 1612
83 48 1613
334 48 1613
133 48 1613
78 48 1613
52 48 1613
335 48 1613
655 48 1613
305 48 1613
58 48 1613
83 48 1614
334 48 1614
133 48 1614
78 48 1614
52 48 1614
335 48 1614
655 48 1614
305 48 1614
58 48 1614
83 48 1615
334 48 1615
133 48 1615
78 48 1615
52 48 1615
335 48 1615
655 48 1615
305 48 1615
58 48 1615
296 48 1616
296 48 1617
344 48 1617
345 48 1617
41 48 1617
673 48 1617
346 48 1617
347 48 1617
219 48 1617
348 48 1617
195 48 1617
296 48 1618
345 48 1618
348 48 1618
195 48 1618
296 48 1619
344 48 1619
41 48 1619
349 48 1619
350 48 1619
304 48 1619
137 48 1620
283 48 1621
295 48 1621
40 48 1621
138 48 1621
655 48 1622
351 48 1623
133 48 1623
43 48 1623
78 48 1623
44 48 1623
141 48 1623
674 48 1623
636 48 1623
292 48 1623
293 48 1623
294 48 1623
58 48 1623
675 48 1623
676 48 1623
133 48 1624
43 48 1624
78 48 1624
44 48 1624
141 48 1624
292 48 1624
293 48 1624
294 48 1624
58 48 1624
351 48 1625
133 48 1625
352 48 1625
43 48 1625
353 48 1625
78 48 1625
44 48 1625
141 48 1625
674 48 1625
631 48 1625
636 48 1625
292 48 1625
633 48 1625
293 48 1625
325 48 1625
354 48 1625
294 48 1625
677 48 1625
58 48 1625
675 48 1625
773 48 1625
351 48 1626
133 48 1626
352 48 1626
43 48 1626
353 48 1626
78 48 1626
44 48 1626
141 48 1626
674 48 1626
636 48 1626
292 48 1626
293 48 1626
294 48 1626
58 48 1626
675 48 1626
133 48 1627
43 48 1627
78 48 1627
44 48 1627
141 48 1627
292 48 1627
293 48 1627
294 48 1627
58 48 1627
676 48 1627
351 48 1628
133 48 1628
352 48 1628
43 48 1628
353 48 1628
78 48 1628
44 48 1628
141 48 1628
674 48 1628
631 48 1628
636 48 1628
292 48 1628
293 48 1628
294 48 1628
58 48 1628
675 48 1628
773 48 1628
351 48 1629
133 48 1629
352 48 1629
43 48 1629
78 48 1629
44 48 1629
141 48 1629
674 48 1629
631 48 1629
636 48 1629
292 48 1629
633 48 1629
293 48 1629
294 48 1629
677 48 1629
58 48 1629
675 48 1629
773 48 1629
133 48 1630
352 48 1630
43 48 1630
78 48 1630
44 48 1630
141 48 1630
292 48 1630
293 48 1630
325 48 1630
354 48 1630
294 48 1630
58 48 1630
133 48 1631
43 48 1631
78 48 1631
44 48 1631
141 48 1631
292 48 1631
293 48 1631
325 48 1631
294 48 1631
58 48 1631
133 48 1632
352 48 1632
43 48 1632
353 48 1632
78 48 1632
44 48 1632
141 48 1632
292 48 1632
293 48 1632
294 48 1632
58 48 1632
133 48 1633
43 48 1633
78 48 1633
44 48 1633
141 48 1633
292 48 1633
293 48 1633
294 48 1633
58 48 1633
133 48 1634
43 48 1634
78 48 1634
44 48 1634
141 48 1634
292 48 1634
293 48 1634
294 48 1634
58 48 1634
133 48 1635
352 48 1635
43 48 1635
353 48 1635
78 48 1635
44 48 1635
141 48 1635
292 48 1635
293 48 1635
325 48 1635
354 48 1635
294 48 1635
58 48 1635
283 48 1636
58 48 1636
769 48 1637
283 48 1638
325 48 1638
58 48 1638
283 48 1639
629 48 1639
630 48 1639
58 48 1639
283 48 1640
58 48 1640
283 48 1641
338 48 1641
637 48 1641
629 48 1641
660 48 1641
661 48 1641
662 48 1641
663 48 1641
656 48 1641
664 48 1641
665 48 1641
666 48 1641
774 48 1641
667 48 1641
630 48 1641
58 48 1641
780 48 1641
133 48 1642
352 48 1642
43 48 1642
355 48 1642
78 48 1642
52 48 1642
356 48 1642
44 48 1642
141 48 1642
292 48 1642
293 48 1642
294 48 1642
58 48 1642
678 48 1642
676 48 1642
133 48 1643
352 48 1643
43 48 1643
78 48 1643
52 48 1643
356 48 1643
44 48 1643
141 48 1643
292 48 1643
293 48 1643
655 48 1643
294 48 1643
58 48 1643
678 48 1643
676 48 1643
133 48 1644
352 48 1644
357 48 1644
43 48 1644
78 48 1644
52 48 1644
356 48 1644
44 48 1644
141 48 1644
292 48 1644
293 48 1644
655 48 1644
287 48 1644
294 48 1644
58 48 1644
678 48 1644
676 48 1644
619 48 1645
298 48 1645
299 48 1645
620 48 1645
148 48 1645
765 48 1645
752 48 1645
621 48 1645
622 48 1645
75 48 1645
297 48 1645
584 48 1645
766 48 1645
623 48 1645
283 48 1646
58 48 1646
133 48 1647
43 48 1647
78 48 1647
44 48 1647
141 48 1647
292 48 1647
293 48 1647
294 48 1647
58 48 1647
283 48 1648
325 48 1648
58 48 1648
31 48 1649
283 48 1650
679 48 1650
58 48 1650
72 48 1651
146 48 1651
147 48 1651
626 48 1651
768 48 1651
627 48 1651
148 48 1651
769 48 1651
133 48 1652
43 48 1652
78 48 1652
44 48 1652
141 48 1652
292 48 1652
293 48 1652
294 48 1652
58 48 1652
283 48 1653
58 48 1653
83 48 1654
334 48 1654
133 48 1654
78 48 1654
52 48 1654
335 48 1654
655 48 1654
305 48 1654
58 48 1654
283 48 1655
634 48 1655
635 48 1655
58 48 1655
623 48 1655
133 48 1656
352 48 1656
43 48 1656
353 48 1656
78 48 1656
44 48 1656
141 48 1656
292 48 1656
293 48 1656
294 48 1656
58 48 1656
283 48 1657
629 48 1657
325 48 1657
630 48 1657
58 48 1657
283 48 1658
58 48 1658
31 48 1659
358 48 1660
138 48 1660
359 48 1660
89 48 1661
91 48 1661
360 48 1661
140 48 1661
219 48 1661
361 48 1662
362 48 1662
90 48 1662
72 48 1662
363 48 1662
73 48 1662
364 48 1662
140 48 1662
299 48 1662
365 48 1662
366 48 1662
367 48 1662
368 48 1662
148 48 1662
303 48 1662
369 48 1662
263 48 1662
680 48 1662
681 48 1662
370 48 1662
371 48 1662
372 48 1662
373 48 1662
58 48 1662
374 48 1662
375 48 1662
376 48 1662
361 48 1663
362 48 1663
90 48 1663
72 48 1663
363 48 1663
73 48 1663
364 48 1663
140 48 1663
299 48 1663
366 48 1663
367 48 1663
300 48 1663
302 48 1663
303 48 1663
370 48 1663
371 48 1663
373 48 1663
58 48 1663
374 48 1663
375 48 1663
376 48 1663
361 48 1664
362 48 1664
73 48 1664
140 48 1664
377 48 1664
370 48 1664
371 48 1664
373 48 1664
374 48 1664
375 48 1664
682 48 1664
376 48 1664
361 48 1665
363 48 1665
73 48 1665
140 48 1665
370 48 1665
371 48 1665
373 48 1665
374 48 1665
361 48 1666
73 48 1666
140 48 1666
370 48 1666
371 48 1666
373 48 1666
374 48 1666
683 48 1667
358 48 1668
378 48 1669
26 48 1670
133 48 1670
31 48 1670
496 48 1670
684 48 1670
26 48 1671
31 48 1671
496 48 1671
684 48 1671
28 48 1672
31 48 1672
379 48 1672
26 48 1673
31 48 1673
380 48 1674
381 48 1674
72 48 1674
382 48 1674
43 48 1674
73 48 1674
685 48 1674
147 48 1674
686 48 1674
673 48 1674
687 48 1674
688 48 1674
689 48 1674
690 48 1674
691 48 1674
692 48 1674
693 48 1674
346 48 1674
383 48 1674
384 48 1674
694 48 1674
776 48 1674
347 48 1674
58 48 1674
374 48 1674
380 48 1675
381 48 1675
72 48 1675
382 48 1675
43 48 1675
73 48 1675
685 48 1675
147 48 1675
673 48 1675
687 48 1675
688 48 1675
689 48 1675
690 48 1675
691 48 1675
692 48 1675
693 48 1675
346 48 1675
383 48 1675
384 48 1675
694 48 1675
776 48 1675
347 48 1675
58 48 1675
374 48 1675
385 48 1676
380 48 1676
381 48 1676
72 48 1676
382 48 1676
43 48 1676
73 48 1676
140 48 1676
92 48 1676
685 48 1676
147 48 1676
673 48 1676
687 48 1676
386 48 1676
234 48 1676
688 48 1676
689 48 1676
690 48 1676
691 48 1676
692 48 1676
693 48 1676
346 48 1676
695 48 1676
383 48 1676
384 48 1676
694 48 1676
776 48 1676
347 48 1676
58 48 1676
374 48 1676
219 48 1676
387 48 1676
10 48 1677
380 48 1677
139 48 1677
381 48 1677
72 48 1677
133 48 1677
43 48 1677
73 48 1677
685 48 1677
147 48 1677
388 48 1677
74 48 1677
686 48 1677
696 48 1677
673 48 1677
687 48 1677
389 48 1677
688 48 1677
690 48 1677
346 48 1677
383 48 1677
697 48 1677
694 48 1677
347 48 1677
390 48 1677
58 48 1677
777 48 1677
778 48 1677
391 48 1677
10 48 1678
380 48 1678
139 48 1678
381 48 1678
72 48 1678
43 48 1678
73 48 1678
685 48 1678
147 48 1678
74 48 1678
686 48 1678
696 48 1678
673 48 1678
687 48 1678
389 48 1678
688 48 1678
690 48 1678
346 48 1678
383 48 1678
697 48 1678
694 48 1678
347 48 1678
58 48 1678
777 48 1678
778 48 1678
381 48 1679
685 48 1679
686 48 1679
696 48 1679
673 48 1679
687 48 1679
389 48 1679
688 48 1679
690 48 1679
346 48 1679
697 48 1679
694 48 1679
347 48 1679
777 48 1679
778 48 1679
385 48 1680
392 48 1680
380 48 1680
393 48 1680
43 48 1680
73 48 1680
698 48 1680
147 48 1680
699 48 1680
700 48 1680
701 48 1680
702 48 1680
394 48 1680
688 48 1680
703 48 1680
781 48 1680
704 48 1680
694 48 1680
705 48 1680
395 48 1680
95 48 1680
396 48 1680
397 48 1680
706 48 1680
387 48 1680
782 48 1680
707 48 1680
398 48 1680
708 48 1680
783 48 1680
399 48 1680
385 48 1681
392 48 1681
380 48 1681
393 48 1681
43 48 1681
73 48 1681
698 48 1681
147 48 1681
699 48 1681
700 48 1681
701 48 1681
702 48 1681
394 48 1681
709 48 1681
710 48 1681
711 48 1681
712 48 1681
688 48 1681
713 48 1681
703 48 1681
781 48 1681
704 48 1681
400 48 1681
694 48 1681
705 48 1681
395 48 1681
95 48 1681
401 48 1681
397 48 1681
782 48 1681
707 48 1681
398 48 1681
708 48 1681
783 48 1681
402 48 1681
380 48 1682
393 48 1682
43 48 1682
73 48 1682
698 48 1682
147 48 1682
688 48 1682
703 48 1682
781 48 1682
704 48 1682
694 48 1682
705 48 1682
395 48 1682
397 48 1682
782 48 1682
398 48 1682
403 48 1683
296 48 1683
139 48 1683
72 48 1683
73 48 1683
404 48 1683
92 48 1683
141 48 1683
389 48 1683
405 48 1683
294 48 1683
373 48 1683
374 48 1683
96 48 1683
403 48 1684
10 48 1684
139 48 1684
72 48 1684
73 48 1684
404 48 1684
140 48 1684
92 48 1684
141 48 1684
148 48 1684
784 48 1684
405 48 1684
406 48 1684
94 48 1684
294 48 1684
714 48 1684
407 48 1684
408 48 1684
373 48 1684
374 48 1684
96 48 1684
409 48 1684
296 48 1685
10 48 1685
139 48 1685
73 48 1685
404 48 1685
92 48 1685
410 48 1685
141 48 1685
148 48 1685
94 48 1685
294 48 1685
408 48 1685
96 48 1685
72 48 1686
73 48 1686
373 48 1686
374 48 1686
139 48 1687
72 48 1687
73 48 1687
404 48 1687
141 48 1687
389 48 1687
294 48 1687
96 48 1687
411 48 1688
412 48 1688
413 48 1688
414 48 1688
415 48 1688
715 48 1688
416 48 1688
716 48 1688
417 48 1689
417 48 1690
717 48 1691
718 48 1691
719 48 1691
418 48 1692
419 48 1693
31 48 1694
305 48 1695
305 48 1696
720 48 1696
305 48 1697
720 48 1697
305 48 1698
305 48 1699
305 48 1700
720 48 1700
305 48 1701
305 48 1702
55 48 1702
720 48 1702
89 48 1703
72 48 1703
91 48 1703
101 48 1703
73 48 1703
647 48 1703
404 48 1703
140 48 1703
420 48 1703
93 48 1703
721 48 1703
785 48 1703
651 48 1703
294 48 1703
421 48 1703
157 48 1703
383 48 1703
418 48 1703
422 48 1703
372 48 1703
373 48 1703
374 48 1703
219 48 1703
375 48 1703
423 48 1703
359 48 1703
424 48 1704
360 48 1704
425 48 1704
426 48 1704
722 48 1704
383 48 1704
723 48 1704
72 48 1705
146 48 1705
147 48 1705
148 48 1705
692 48 1705
94 48 1705
505 48 1705
72 48 1706
427 48 1706
146 48 1706
147 48 1706
428 48 1706
724 48 1706
148 48 1706
505 48 1706
725 48 1706
726 48 1706
72 48 1707
427 48 1707
146 48 1707
147 48 1707
428 48 1707
724 48 1707
148 48 1707
505 48 1707
725 48 1707
726 48 1707
72 48 1708
146 48 1708
147 48 1708
148 48 1708
505 48 1708
72 48 1709
146 48 1709
147 48 1709
727 48 1709
724 48 1709
148 48 1709
505 48 1709
139 48 1710
72 48 1710
382 48 1710
146 48 1710
73 48 1710
404 48 1710
140 48 1710
147 48 1710
74 48 1710
148 48 1710
692 48 1710
94 48 1710
693 48 1710
383 48 1710
408 48 1710
373 48 1710
429 48 1710
374 48 1710
96 48 1710
72 48 1711
146 48 1711
147 48 1711
148 48 1711
94 48 1711
505 48 1711
72 48 1712
146 48 1712
73 48 1712
147 48 1712
74 48 1712
148 48 1712
94 48 1712
373 48 1712
374 48 1712
430 48 1712
90 48 1713
72 48 1713
146 48 1713
147 48 1713
148 48 1713
786 48 1713
431 48 1713
728 48 1713
72 48 1714
146 48 1714
147 48 1714
148 48 1714
72 48 1715
146 48 1715
73 48 1715
147 48 1715
148 48 1715
72 48 1716
692 48 1716
505 48 1716
150 48 1717
38 48 1718
39 48 1718
40 48 1718
41 48 1718
42 48 1718
43 48 1718
31 48 1718
44 48 1718
45 48 1718
46 48 1718
430 48 1719
141 48 1720
432 48 1720
296 48 1721
433 48 1721
434 48 1721
432 48 1721
435 48 1722
436 48 1722
433 48 1722
434 48 1722
729 48 1722
437 48 1722
438 48 1722
432 48 1722
439 48 1722
31 48 1723
31 48 1724
31 48 1725
31 48 1726
31 48 1727
730 48 1728
730 48 1729
358 48 1730
358 48 1731
359 48 1731
731 48 1732
359 48 1733
440 48 1734
441 48 1734
732 48 1734
733 48 1734
440 48 1735
442 48 1735
734 48 1735
442 48 1736
735 48 1736
733 48 1736
443 48 1737
444 48 1737
445 48 1737
446 48 1738
440 48 1738
444 48 1738
732 48 1738
89 48 1739
72 48 1739
91 48 1739
360 48 1739
140 48 1739
219 48 1739
85 48 1740
447 48 1741
31 48 1741
448 48 1741
449 48 1742
449 48 1743
787 48 1743
787 48 1744
787 48 1745
295 48 1746
736 48 1746
788 48 1747
789 48 1747
790 48 1747
298 48 1748
299 48 1748
148 48 1748
75 48 1748
450 48 1749
450 48 1750
143 48 1751
4 48 1752
31 48 1753
143 48 1754
451 48 1755
452 48 1755
453 48 1755
737 48 1755
454 48 1755
455 48 1755
19 48 1755
456 48 1755
457 48 1755
386 48 1755
738 48 1755
458 48 1755
459 48 1755
739 48 1755
460 48 1755
461 48 1755
453 48 1756
19 48 1756
458 48 1756
739 48 1756
461 48 1756
19 48 1757
19 48 1758
19 48 1759
462 48 1760
463 48 1760
464 48 1760
465 48 1760
466 48 1760
85 48 1761
467 48 1762
454 48 1762
468 48 1762
464 48 1762
469 48 1762
470 48 1762
471 48 1762
234 48 1762
412 48 1763
464 48 1763
472 48 1763
451 48 1764
473 48 1764
464 48 1764
474 48 1764
457 48 1764
475 48 1764
386 48 1764
476 48 1764
459 48 1764
460 48 1764
5 48 1765
477 48 1765
84 48 1766
415 48 1766
143 48 1767
478 48 1767
479 48 1767
480 48 1767
143 48 1768
478 48 1768
480 48 1768
143 48 1769
478 48 1769
480 48 1769
481 48 1770
4 48 1770
143 48 1771
480 48 1771
143 48 1772
143 48 1773
478 48 1773
480 48 1773
143 48 1774
478 48 1774
480 48 1774
143 48 1775
478 48 1775
480 48 1775
108 48 1776
109 48 1776
107 48 1776
482 48 1776
483 48 1776
484 48 1777
485 48 1777
740 48 1777
486 48 1778
487 48 1779
