0 783
0 820
2 854
2 878
2 1026
2 1032
2 1161
2 1238
3 1035
4 1138
5 741
6 832
7 1167
8 829
8 1692
9 772
9 1074
10 1131
10 1201
10 1202
10 1693
10 1871
10 1872
10 1873
11 734
11 757
12 779
12 981
12 1010
12 1129
12 1168
12 1695
12 1696
12 1697
12 1874
12 1875
12 1876
12 1877
12 1878
13 806
14 972
14 977
14 1698
14 1699
14 1700
15 986
15 1074
15 1138
15 1630
15 1632
16 734
16 951
16 986
16 1017
16 1066
16 1070
16 1138
16 1150
17 806
17 1102
19 827
19 842
19 1452
19 1564
19 1911
20 1246
20 1768
22 889
22 968
22 1127
22 1147
22 1157
22 1262
23 714
23 987
23 1132
23 1254
24 734
24 757
24 1030
25 810
25 1856
25 1857
26 756
26 1402
27 897
28 772
30 766
31 751
31 790
31 822
31 945
31 1085
31 1109
32 996
32 1036
34 1138
35 873
35 931
35 971
35 1076
35 1082
35 1169
36 1134
38 823
38 1072
38 1110
40 1004
40 1035
40 1708
41 998
41 1025
41 1069
41 1160
41 1168
42 911
43 779
43 981
43 1010
43 1129
43 1168
43 1695
43 1696
43 1697
43 1874
43 1875
43 1876
43 1877
43 1878
46 850
46 894
46 1023
46 1746
46 1884
46 1885
46 1886
46 1887
46 1888
47 816
48 720
48 734
48 757
48 791
48 847
48 872
48 873
48 883
48 902
48 929
48 940
48 964
48 996
48 1017
48 1030
48 1034
48 1036
48 1038
48 1076
48 1082
48 1143
48 1169
48 1269
49 873
49 931
49 964
49 1017
49 1076
50 720
50 791
50 872
50 873
50 902
50 929
50 931
50 964
50 1017
50 1034
50 1038
50 1076
50 1082
50 1143
50 1169
52 816
54 946
57 806
57 1102
58 720
58 791
58 872
58 873
58 902
58 929
58 931
58 964
58 1017
58 1034
58 1038
58 1082
58 1143
58 1169
60 891
60 905
60 1019
60 1168
61 756
61 1134
62 714
62 810
62 843
62 987
62 1254
62 1404
63 736
64 734
64 757
64 816
64 1030
64 1881
64 1882
65 807
65 816
65 1148
66 1156
68 1190
68 1220
68 1434
68 1763
69 986
69 1074
69 1138
70 1054
71 952
71 1167
72 986
72 1138
74 1034
74 1168
75 893
76 951
76 1066
76 1150
77 807
78 742
78 807
80 825
82 751
82 945
82 1109
83 756
83 796
83 956
83 1110
84 997
85 981
85 1010
85 1168
85 1180
85 1183
85 1201
85 1693
86 852
86 1223
87 873
87 971
87 1082
87 1169
88 718
88 858
89 1148
90 951
90 1066
90 1150
92 872
92 931
92 1082
92 1169
93 734
93 757
93 847
93 872
93 873
93 940
93 951
93 964
93 986
93 996
93 1030
93 1066
93 1115
93 1138
93 1160
93 1236
93 1343
93 1881
93 1882
93 1883
94 1565
95 1167
96 951
96 1066
96 1150
97 718
97 827
97 858
97 1282
97 1522
99 853
100 951
100 1070
100 1150
101 720
101 734
101 757
101 791
101 847
101 872
101 873
101 883
101 902
101 929
101 940
101 964
101 996
101 1017
101 1030
101 1034
101 1036
101 1038
101 1076
101 1082
101 1143
101 1169
101 1269
102 806
103 1103
103 1719
108 986
108 1138
109 996
109 1036
109 1115
110 779
110 981
110 1010
110 1168
110 1695
110 1696
110 1697
110 1874
110 1875
110 1876
110 1877
110 1878
111 718
111 1072
112 1028
112 1167
114 1025
115 1566
115 1853
116 780
116 1254
118 789
120 720
120 734
120 757
120 792
120 847
120 872
120 873
120 883
120 902
120 929
120 940
120 964
120 996
120 1017
120 1030
120 1034
120 1036
120 1038
120 1076
120 1082
120 1087
120 1143
120 1169
120 1269
121 1020
121 1276
121 1322
121 1567
121 1568
122 775
122 781
122 1028
123 806
123 872
123 902
123 996
123 1034
123 1036
123 1102
123 1115
123 1321
125 872
125 883
125 964
125 1017
125 1066
126 981
126 1010
126 1168
127 806
127 1102
128 766
128 979
128 1316
130 734
130 757
130 847
130 940
130 1030
131 883
132 816
132 1910
133 956
133 1648
133 1701
133 1702
133 1706
134 954
134 1624
135 722
135 814
135 993
135 994
136 996
136 1036
136 1115
137 1126
138 956
138 1088
138 1701
138 1702
138 1703
138 1704
138 1705
138 1706
138 1910
140 775
140 903
140 1028
140 1088
141 721
141 729
141 793
141 821
141 916
141 966
141 1067
143 956
143 1701
143 1702
143 1706
144 779
144 981
144 1010
144 1129
144 1168
144 1695
144 1696
144 1697
144 1874
144 1875
144 1876
144 1877
144 1878
145 720
145 964
145 1017
145 1143
146 757
146 1030
146 1131
147 827
148 720
148 791
148 872
148 873
148 902
148 929
148 931
148 964
148 1017
148 1034
148 1038
148 1082
148 1143
148 1169
151 981
151 1010
151 1168
151 1180
151 1183
151 1201
151 1693
152 980
153 781
153 1088
154 986
154 1074
154 1138
156 1010
156 1168
158 739
158 1135
158 1695
159 1143
160 734
160 757
160 964
160 1017
160 1030
161 1635
163 1035
164 893
164 897
165 893
165 894
165 1068
167 1134
168 1257
170 872
170 996
170 1102
170 1624
171 996
171 1143
172 914
172 933
172 948
172 967
172 1066
174 756
174 996
174 1036
174 1115
175 734
175 757
175 847
175 940
175 964
175 986
175 996
175 1030
175 1115
175 1138
175 1881
175 1882
176 751
176 790
176 822
176 878
176 945
176 1085
176 1109
178 718
178 858
179 718
179 858
180 848
181 1138
182 1168
183 779
183 981
183 1010
183 1168
183 1695
183 1696
183 1697
183 1874
183 1875
183 1876
183 1877
183 1878
184 986
184 1074
184 1138
185 720
185 873
185 964
185 996
185 1036
185 1143
188 858
188 1827
188 1846
189 775
189 1165
190 858
190 1446
191 872
191 902
191 1034
193 740
193 759
194 756
194 806
194 1102
195 873
195 1143
196 1190
196 1220
197 832
199 1565
201 734
201 757
201 847
201 940
201 1030
202 951
202 1066
202 1150
203 781
203 1910
204 718
204 858
205 768
206 720
206 948
206 964
206 1038
206 1143
210 1481
210 1486
211 832
213 806
213 1102
214 950
217 1148
217 1278
219 816
220 858
220 1348
221 1362
222 1134
224 775
225 734
225 757
225 847
225 873
225 940
225 964
225 986
225 996
225 1030
225 1115
225 1138
226 789
226 1491
227 832
228 720
228 757
228 872
228 986
228 996
228 1138
228 1143
228 1168
229 1167
230 851
232 999
233 718
233 858
234 1560
236 733
236 1008
238 1869
238 1870
239 897
240 816
242 806
242 873
242 1102
242 1169
242 1321
243 734
243 757
243 847
243 940
243 1030
244 718
244 858
245 872
245 902
245 1034
247 858
250 768
251 718
251 848
251 858
251 909
251 1236
251 1522
251 1562
251 1723
252 756
252 996
252 1036
252 1115
253 1167
254 984
255 722
255 814
255 908
255 909
255 993
255 994
255 1097
255 1141
255 1234
257 806
257 996
257 1036
257 1102
259 1696
260 775
260 1028
261 718
261 858
261 1136
261 1316
261 1354
262 1108
262 1430
262 1626
264 951
264 1066
264 1150
265 806
265 1102
266 1394
266 1425
268 715
268 821
268 966
268 1203
268 1204
268 1343
268 1382
268 1397
268 1730
269 1167
270 781
271 734
271 757
271 847
271 940
271 949
271 956
271 996
271 1030
271 1036
271 1115
271 1701
271 1706
271 1859
272 720
272 949
272 1143
273 781
275 1156
275 1297
275 1861
275 1862
275 1863
276 894
276 1023
277 872
278 1167
279 714
279 843
279 1254
280 1035
280 1345
281 893
281 897
281 1224
281 1460
283 844
283 1125
285 893
286 714
286 987
286 1254
286 1404
286 1473
287 798
287 1066
287 1150
288 1054
289 872
289 873
289 964
289 996
289 1017
289 1138
290 1131
291 1070
291 1178
291 1292
291 1445
291 1694
292 756
292 816
292 911
292 956
292 984
292 1110
292 1138
292 1648
292 1701
292 1702
292 1703
292 1704
292 1705
292 1706
293 781
294 806
294 872
294 996
294 1034
294 1036
294 1102
294 1115
295 873
295 971
295 1082
295 1169
297 823
298 926
299 954
299 1131
299 1201
299 1202
299 1624
299 1693
299 1871
299 1872
299 1873
299 2212
299 2213
299 2214
299 2215
299 2216
300 775
300 1165
301 741
302 720
302 756
302 964
302 996
302 1036
302 1143
303 816
306 779
306 981
306 1010
306 1168
306 1695
306 1696
306 1697
306 1874
306 1875
306 1876
306 1877
306 1878
308 1134
309 781
309 1088
309 1167
310 779
310 981
310 1010
310 1168
310 1695
310 1696
310 1697
310 1874
310 1875
310 1876
310 1877
310 1878
311 832
311 1299
312 872
312 996
314 1134
314 1737
315 891
315 997
316 872
316 964
316 986
316 996
316 1034
316 1036
316 1082
316 1115
316 1143
316 1169
317 872
317 902
317 1034
317 1868
319 1088
321 891
321 1019
322 951
322 1066
322 1150
324 996
324 1036
324 1115
325 951
325 1066
325 1150
327 718
327 858
329 720
329 791
329 872
329 873
329 902
329 929
329 931
329 964
329 1017
329 1034
329 1038
329 1082
329 1087
329 1143
329 1169
330 734
330 757
330 847
330 940
330 964
330 986
330 1030
330 1138
332 807
332 883
332 1070
332 1074
332 1131
333 797
333 1847
334 1027
335 883
335 1030
335 1131
337 823
337 827
338 1131
339 954
339 1624
340 720
340 872
340 873
340 902
340 929
340 964
340 996
340 1017
340 1034
340 1036
340 1038
340 1082
340 1143
341 727
341 816
343 1036
343 1074
344 718
344 858
344 945
345 816
346 768
346 872
346 964
346 996
346 1076
347 949
347 1069
347 1160
347 1168
348 816
349 770
349 809
349 1130
350 883
351 766
352 1383
354 1289
355 999
356 1226
356 1373
356 1435
356 1453
356 1880
357 1624
358 1134
359 816
361 852
361 1313
361 1630
361 1632
362 757
363 775
363 1165
363 1278
364 718
364 858
365 718
365 858
366 832
367 981
367 1010
367 1168
367 1180
367 1183
367 1201
367 1693
368 718
368 727
368 827
368 848
368 858
368 1417
368 2210
369 741
370 751
370 790
370 822
370 1085
371 720
371 791
371 872
371 902
371 1034
372 1150
373 757
373 1030
374 714
374 810
374 987
374 1254
374 1378
374 1404
375 988
375 1091
376 734
376 757
376 940
376 1030
377 757
377 1131
378 857
378 969
379 951
379 1066
379 1150
380 718
380 858
381 1560
381 1562
381 1696
381 1697
382 891
382 1019
382 1222
382 1891
383 810
384 782
384 786
388 779
388 1010
388 1129
388 1168
388 1695
388 1696
388 1697
388 1874
388 1875
388 1876
388 1877
388 1878
389 949
389 996
389 1087
389 1143
389 1329
389 2083
391 1028
391 1167
392 734
392 757
392 847
392 940
392 1030
393 911
393 949
393 951
393 1066
393 1150
393 1271
394 1072
395 806
395 1102
396 779
396 981
396 1010
396 1168
396 1695
396 1696
396 1697
396 1874
396 1875
396 1876
396 1877
396 1878
397 954
397 964
398 951
398 1066
398 1150
400 720
400 949
400 1143
401 1116
401 1858
404 1167
405 718
405 858
406 810
406 1856
406 1857
407 768
408 1103
409 816
410 891
410 1019
411 718
411 858
412 1102
413 803
413 874
415 741
418 832
419 1027
420 868
420 997
420 1048
420 1447
421 883
422 1167
423 779
423 981
423 1010
423 1129
423 1168
423 1695
423 1696
423 1697
423 1874
423 1875
423 1876
423 1877
423 1878
424 835
424 974
424 1070
424 1135
424 1168
425 951
425 1066
425 1150
426 850
427 997
427 1126
428 753
428 873
428 883
428 1150
428 1169
429 742
429 1043
429 1054
429 1714
430 849
431 757
431 807
431 816
431 986
431 1030
431 1074
431 1138
432 756
432 796
432 816
433 816
433 891
433 984
433 1019
433 1213
433 1525
433 1560
433 1561
433 1562
433 1630
433 1632
433 1742
433 1891
433 1892
433 1893
433 1894
433 1895
433 1896
434 1158
436 823
436 827
437 1070
437 1143
439 1082
439 1169
441 987
441 1404
441 1473
441 1858
442 951
442 1066
442 1150
443 964
444 872
444 902
444 949
444 996
444 1034
444 1102
445 768
446 915
446 1714
448 964
448 1143
449 986
449 1074
450 1102
451 948
451 1070
454 873
454 971
454 1082
454 1169
455 971
455 1082
455 1169
457 1167
458 806
458 873
458 1102
458 1169
459 807
460 1129
460 1168
461 718
461 858
462 872
462 996
463 741
463 827
465 872
466 883
468 1364
469 810
469 1065
469 1404
469 1639
471 1134
472 757
473 896
473 1003
474 954
475 1102
476 757
477 720
477 786
477 791
477 929
477 1038
477 1074
477 1143
478 954
478 1624
479 1566
480 718
480 858
481 750
483 714
483 1648
484 1134
485 1082
485 1169
486 891
486 950
486 1019
486 1025
486 1525
486 1742
488 894
489 1566
491 718
491 858
491 1854
492 1125
493 1000
494 1167
495 718
495 827
495 848
495 858
496 802
496 848
496 961
496 1318
496 1350
496 1423
497 872
498 1030
499 949
499 956
499 1088
499 1213
499 1329
499 1701
499 1702
499 1706
499 1859
499 1860
500 1121
502 741
502 1344
503 1289
504 1221
504 1356
504 1909
505 816
505 1232
506 734
506 757
506 847
506 940
506 1030
507 1630
507 1632
508 747
508 1325
508 1904
509 858
509 1108
509 1137
509 1369
511 883
511 948
511 1070
514 1167
514 2211
516 718
516 858
518 1134
520 734
520 757
520 1030
521 806
521 1102
521 1253
521 1277
521 1321
521 1717
521 1718
522 823
522 827
523 779
523 981
523 1010
523 1129
523 1168
523 1695
523 1696
523 1697
523 1874
523 1875
523 1876
523 1877
523 1878
524 734
524 757
524 847
524 940
524 949
524 964
524 996
524 1030
524 1143
526 894
526 1023
526 1774
528 1035
528 1205
528 1910
529 753
529 931
529 964
529 1017
530 829
530 852
532 1098
532 1281
532 1889
534 734
534 757
534 1030
535 807
536 831
536 1749
537 742
537 979
537 987
537 1371
537 1404
537 1473
538 1035
539 1217
539 1910
540 1035
541 756
541 949
541 1038
541 1143
542 893
543 1074
543 1138
544 986
544 1074
544 1138
545 973
546 710
546 756
546 859
546 946
546 1025
546 2089
546 2090
548 987
548 1065
549 986
549 1074
549 1138
550 949
550 956
550 1160
550 1213
550 1701
550 1702
550 1706
552 756
552 806
552 1213
553 891
553 950
553 1025
553 1110
553 1126
554 802
554 823
557 781
559 1167
560 827
561 756
561 802
561 806
561 996
561 1102
561 1296
561 1377
561 1389
564 734
564 757
564 768
564 847
564 872
564 873
564 902
564 931
564 940
564 964
564 986
564 996
564 1017
564 1030
564 1034
564 1036
564 1115
564 1138
564 1143
565 969
565 1235
566 757
566 1030
567 872
567 873
567 964
567 986
567 996
567 1017
567 1036
567 1074
567 1138
569 734
569 757
569 806
569 847
569 940
569 964
569 986
569 996
569 1030
569 1102
569 1138
569 1291
570 986
570 1074
570 1872
571 897
572 1126
573 946
573 998
573 1018
573 1025
573 1070
573 1168
573 1333
573 1335
573 1365
573 1450
573 1869
573 1870
574 807
574 883
574 1070
574 1074
575 756
575 996
575 1036
575 1115
576 1134
579 955
579 1253
579 1332
579 1344
579 1354
579 1417
579 1559
580 807
580 914
580 933
580 986
580 1018
580 1070
581 981
581 1010
581 1168
581 1180
581 1183
581 1201
581 1693
582 1134
584 756
584 816
585 775
585 951
585 1066
585 1150
585 1280
586 1038
586 1143
587 775
587 781
587 904
587 1167
588 720
588 791
588 872
588 873
588 902
588 929
588 931
588 964
588 996
588 1017
588 1034
588 1036
588 1038
588 1082
588 1115
588 1143
588 1169
590 998
590 1069
590 1160
590 1168
592 806
592 1102
593 891
593 1019
594 816
594 1562
595 775
595 1165
595 1381
595 1428
596 1010
596 1129
596 1168
597 720
597 791
597 872
597 873
597 902
597 929
597 931
597 964
597 996
597 1017
597 1034
597 1036
597 1038
597 1076
597 1082
597 1115
597 1143
597 1169
599 806
599 1102
600 1134
601 1168
601 1874
602 2007
603 806
603 1102
606 806
606 1102
607 779
607 1010
607 1168
607 1695
607 1696
607 1697
607 1874
607 1875
607 1876
607 1877
607 1878
609 1566
610 756
611 1132
612 1278
613 926
613 1070
613 1143
614 1167
615 714
616 720
616 734
616 757
616 791
616 847
616 872
616 873
616 883
616 902
616 929
616 940
616 964
616 996
616 1017
616 1030
616 1034
616 1036
616 1038
616 1076
616 1082
616 1115
616 1143
616 1169
616 1269
617 734
617 1030
617 1131
617 1624
618 724
618 846
621 753
621 757
621 1143
622 710
622 748
622 952
622 1167
623 998
623 1069
623 1160
623 1168
624 720
624 734
624 757
624 791
624 847
624 872
624 873
624 883
624 902
624 929
624 940
624 964
624 996
624 1017
624 1030
624 1034
624 1036
624 1038
624 1076
624 1082
624 1143
624 1169
624 1269
625 747
626 931
626 964
626 986
626 1017
626 1138
626 1174
627 1630
627 1632
628 724
628 846
630 1268
631 715
631 821
631 958
631 966
631 1191
631 1192
631 1193
631 1194
631 1195
631 1231
632 863
633 1167
634 1205
637 721
637 726
637 793
637 821
637 916
637 966
637 1203
637 1204
638 1201
638 1693
638 1872
639 1313
640 1023
641 806
641 1102
643 816
644 950
645 1258
650 734
650 1030
650 1131
651 832
652 1185
652 1300
652 1355
652 1415
654 772
654 954
654 986
654 996
655 846
655 1630
656 1126
658 747
658 827
658 1316
659 724
659 789
660 954
661 775
661 781
661 820
661 1028
661 1349
662 734
662 757
662 1030
663 1167
667 987
667 1108
668 779
668 981
668 1010
668 1168
668 1695
668 1696
668 1697
668 1874
668 1875
668 1876
668 1877
668 1878
669 772
669 872
669 902
669 986
669 1034
669 1074
669 1138
669 1630
669 1632
671 734
671 757
671 847
671 940
671 1030
672 779
672 981
672 1010
672 1168
672 1695
672 1696
672 1697
672 1874
672 1875
672 1876
672 1877
672 1878
675 797
675 1430
676 1027
677 757
677 873
677 964
677 1143
678 720
678 964
678 1143
680 987
680 1404
680 1473
682 781
683 772
684 1494
685 806
685 1102
686 914
686 986
686 1138
689 984
690 1445
691 883
691 951
691 986
691 1066
691 1138
691 1150
692 766
693 803
693 874
694 720
694 768
694 806
694 872
694 873
694 902
694 929
694 931
694 964
694 996
694 1017
694 1034
694 1038
694 1076
694 1102
694 1143
694 1169
694 1269
695 828
696 951
696 1066
696 1150
697 1719
698 1205
700 736
702 781
703 872
703 996
704 1066
704 1150
707 1035
